	  -50       -2597
	  -49       -2496
	  -48       -2397
	  -47       -2300
	  -46       -2205
	  -45       -2112
	  -44       -2021
	  -43       -1932
	  -42       -1845
	  -41       -1760
	  -40       -1677
	  -39       -1596
	  -38       -1517
	  -37       -1440
	  -36       -1365
	  -35       -1292
	  -34       -1221
	  -33       -1152
	  -32       -1085
	  -31       -1020
	  -30        -957
	  -29        -896
	  -28        -837
	  -27        -780
	  -26        -725
	  -25        -672
	  -24        -621
	  -23        -572
	  -22        -525
	  -21        -480
	  -20        -437
	  -19        -396
	  -18        -357
	  -17        -320
	  -16        -285
	  -15        -252
	  -14        -221
	  -13        -192
	  -12        -165
	  -11        -140
	  -10        -117
	   -9         -96
	   -8         -77
	   -7         -60
	   -6         -45
	   -5         -32
	   -4         -21
	   -3         -12
	   -2          -5
	   -1           0
	    0           3
	    1           4
	    2           3
	    3           0
	    4          -5
	    5         -12
	    6         -21
	    7         -32
	    8         -45
	    9         -60
	   10         -77
	   11         -96
	   12        -117
	   13        -140
	   14        -165
	   15        -192
	   16        -221
	   17        -252
	   18        -285
	   19        -320
	   20        -357
	   21        -396
	   22        -437
	   23        -480
	   24        -525
	   25        -572
	   26        -621
	   27        -672
	   28        -725
	   29        -780
	   30        -837
	   31        -896
	   32        -957
	   33       -1020
	   34       -1085
	   35       -1152
	   36       -1221
	   37       -1292
	   38       -1365
	   39       -1440
	   40       -1517
	   41       -1596
	   42       -1677
	   43       -1760
	   44       -1845
	   45       -1932
	   46       -2021
	   47       -2112
	   48       -2205
	   49       -2300
	   50       -2397
