14.06 14.06 # GD50 see GD50.tab, sparse sampling and in magnitudes here: awk '$1>3000&&NR%10==1 {print $1, -2.5*(log($2)/log(10))+9.81+14.06,50}' gd50.tab >> gd50.dat, NOTE ABSOLUTE LEVEL WILL BE WRONG AS 50 A FLUX BINS IS INCORRECT!!!!
3011.400 13.0574 50
3030.000 13.0359 50
3048.800 12.9417 50
3067.400 13.0795 50
3086.200 13.1492 50
3104.800 13.0197 50
3123.400 13.1315 50
3142.200 13.068 50
3160.800 13.0106 50
3179.600 13.0895 50
3206.000 13.308 50
3216.000 13.338 50
3226.000 13.152 50
3236.000 13.124 50
3246.000 13.174 50
3256.000 13.218 50
3266.000 13.247 50
3276.000 13.287 50
3286.000 13.343 50
3296.000 13.251 50
3306.000 13.199 50
3316.000 13.154 50
3326.000 13.185 50
3336.000 13.296 50
3346.000 13.244 50
3356.000 13.35 50
3366.000 13.386 50
3376.000 13.338 50
3386.000 13.355 50
3396.000 13.235 50
3406.000 13.225 50
3416.000 13.242 50
3426.000 13.228 50
3436.000 13.303 50
3446.000 13.291 50
3456.000 13.364 50
3466.000 13.367 50
3476.000 13.329 50
3486.000 13.423 50
3496.000 13.357 50
3506.000 13.381 50
3516.000 13.452 50
3526.000 13.416 50
3536.000 13.348 50
3546.000 13.433 50
3556.000 13.409 50
3566.000 13.313 50
3576.000 13.395 50
3586.000 13.409 50
3596.000 13.424 50
3606.000 13.409 50
3616.000 13.454 50
3626.000 13.409 50
3636.000 13.437 50
3646.000 13.449 50
3656.000 13.447 50
3666.000 13.445 50
3676.000 13.449 50
3686.000 13.463 50
3696.000 13.447 50
3706.000 13.492 50
3716.000 13.511 50
3726.000 13.506 50
3736.000 13.489 50
3746.000 13.492 50
3756.000 13.52 50
3766.000 13.515 50
3776.000 13.496 50
3786.000 13.544 50
3796.000 13.565 50
3806.000 13.511 50
3816.000 13.52 50
3826.000 13.546 50
3836.000 13.523 50
3846.000 13.518 50
3856.000 13.492 50
3866.000 13.504 50
3876.000 13.52 50
3886.000 13.515 50
3896.000 13.492 50
3906.000 13.513 50
3916.000 13.513 50
3926.000 13.541 50
3936.000 13.558 50
3946.000 13.548 50
3956.000 13.551 50
3966.000 13.577 50
3976.000 13.598 50
3986.000 13.598 50
3996.000 13.558 50
4006.000 13.558 50
4016.000 13.57 50
4026.000 13.556 50
4036.000 13.572 50
4046.000 13.572 50
4056.000 13.579 50
4066.000 13.586 50
4076.000 13.591 50
4086.000 13.624 50
4096.000 13.645 50
4106.000 13.655 50
4116.000 13.657 50
4126.000 13.652 50
4136.000 13.636 50
4146.000 13.626 50
4156.000 13.612 50
4166.000 13.615 50
4176.000 13.6 50
4186.000 13.591 50
4196.000 13.591 50
4206.000 13.593 50
4216.000 13.595 50
4226.000 13.579 50
4236.000 13.596 50
4246.000 13.607 50
4256.000 13.607 50
4266.000 13.619 50
4276.000 13.633 50
4286.000 13.648 50
4296.000 13.671 50
4306.000 13.706 50
4316.000 13.723 50
4326.000 13.749 50
4336.000 13.82 50
4346.000 13.843 50
4356.000 13.827 50
4366.000 13.777 50
4376.000 13.747 50
4386.000 13.728 50
4396.000 13.709 50
4406.000 13.697 50
4416.000 13.692 50
4426.000 13.683 50
4436.000 13.681 50
4446.000 13.669 50
4456.000 13.669 50
4466.000 13.671 50
4476.000 13.678 50
4486.000 13.676 50
4496.000 13.683 50
4506.000 13.683 50
4516.000 13.688 50
4526.000 13.685 50
4536.000 13.683 50
4546.000 13.692 50
4556.000 13.697 50
4566.000 13.704 50
4576.000 13.714 50
4586.000 13.713 50
4596.000 13.732 50
4606.000 13.723 50
4616.000 13.732 50
4626.000 13.735 50
4636.000 13.737 50
4646.000 13.732 50
4656.000 13.73 50
4666.000 13.723 50
4676.000 13.732 50
4686.000 13.718 50
4696.000 13.73 50
4712.000 13.721 50
4732.000 13.74 50
4752.000 13.725 50
4772.000 13.751 50
4792.000 13.779 50
4812.000 13.824 50
4832.000 13.883 50
4852.000 13.947 50
4872.000 13.978 50
4892.000 13.904 50
4912.000 13.876 50
4932.000 13.864 50
4952.000 13.843 50
4972.000 13.839 50
4992.000 13.841 50
5012.000 13.836 50
5032.000 13.85 50
5052.000 13.857 50
5072.000 13.865 50
5092.000 13.872 50
5112.000 13.881 50
5132.000 13.888 50
5152.000 13.896 50
5172.000 13.905 50
5192.000 13.915 50
5212.000 13.928 50
5232.000 13.937 50
5252.000 13.949 50
5272.000 13.949 50
5292.000 13.966 50
5312.000 13.982 50
5332.000 13.982 50
5352.000 13.99 50
5372.000 13.996 50
5392.000 13.999 50
5412.000 14.008 50
5432.000 14.018 50
5452.000 14.023 50
5472.000 14.034 50
5492.000 14.041 50
5512.000 14.049 50
5532.000 14.051 50
5552.000 14.06 50
5572.000 14.067 50
5592.000 14.072 50
5612.000 14.079 50
5632.000 14.089 50
5652.000 14.1 50
5672.000 14.107 50
5692.000 14.122 50
5712.000 14.124 50
5732.000 14.129 50
5752.000 14.133 50
5772.000 14.14 50
5792.000 14.145 50
5812.000 14.152 50
5832.000 14.157 50
5852.000 14.162 50
5872.000 14.166 50
5892.000 14.176 50
5912.000 14.185 50
5932.000 14.195 50
5952.000 14.197 50
5972.000 14.202 50
5992.000 14.207 50
6012.000 14.209 50
6032.000 14.214 50
6052.000 14.22 50
6072.000 14.228 50
6092.000 14.237 50
6112.000 14.239 50
6132.000 14.247 50
6152.000 14.247 50
6172.000 14.256 50
6192.000 14.265 50
6212.000 14.275 50
6232.000 14.279 50
6252.000 14.289 50
6272.000 14.301 50
6292.000 14.31 50
6312.000 14.31 50
6332.000 14.31 50
6352.000 14.32 50
6372.000 14.324 50
6392.000 14.331 50
6412.000 14.339 50
6432.000 14.348 50
6452.000 14.36 50
6472.000 14.39 50
6492.000 14.402 50
6512.000 14.442 50
6532.000 14.494 50
6552.000 14.556 50
6572.000 14.612 50
6592.000 14.553 50
6612.000 14.501 50
6632.000 14.459 50
6652.000 14.445 50
6672.000 14.437 50
6692.000 14.437 50
6712.000 14.435 50
6732.000 14.44 50
6752.000 14.442 50
6772.000 14.442 50
6792.000 14.447 50
6857.416 14.4782 50
6972.745 14.5117 50
7090.013 14.5445 50
7209.253 14.5776 50
7330.499 14.6111 50
7453.783 14.6441 50
7579.142 14.6773 50
7706.608 14.7107 50
7836.218 14.7441 50
7968.008 14.7773 50
8102.015 14.8098 50
8238.274 14.8421 50
8376.827 14.8759 50
8517.709 14.9153 50
8660.960 14.9537 50
8806.620 14.9924 50
8954.730 15.0268 50
9105.332 15.0568 50
9258.466 15.0983 50
9414.176 15.1166 50
9572.504 15.1738 50
9733.494 15.1728 50
9897.193 15.2111 50
10063.64 15.2993 50
10232.90 15.2752 50
10404.99 15.3013 50
10579.99 15.3354 50
10757.92 15.3765 50
10938.85 15.4774 50
11122.82 15.4462 50
11309.88 15.4717 50
11500.09 15.505 50
11693.50 15.5392 50
11890.16 15.5735 50
