13.062 13.062    # From ESO web site (Bohlin source) 1
   1140.02    10.907 1
   1140.60    10.894 1
   1141.18    10.898 1
   1141.77    10.913 1
   1142.35    10.891 1
   1142.94    10.883 1
   1143.52    10.882 1
   1144.10    10.869 1
   1144.69    10.853 1
   1145.27    10.841 1
   1145.86    10.837 1
   1146.44    10.834 1
   1147.03    10.814 1
   1147.61    10.811 1
   1148.19    10.813 1
   1148.78    10.821 1
   1149.36    10.824 1
   1149.94    10.832 1
   1150.53    10.828 1
   1151.11    10.836 1
   1151.70    10.843 1
   1152.28    10.836 1
   1152.87    10.833 1
   1153.45    10.832 1
   1154.03    10.835 1
   1154.62    10.831 1
   1155.20    10.827 1
   1155.79    10.828 1
   1156.37    10.828 1
   1156.95    10.827 1
   1157.54    10.829 1
   1158.12    10.828 1
   1158.71    10.831 1
   1159.29    10.832 1
   1159.88    10.828 1
   1160.46    10.832 1
   1161.04    10.833 1
   1161.63    10.835 1
   1162.21    10.840 1
   1162.80    10.845 1
   1163.38    10.838 1
   1163.96    10.838 1
   1164.55    10.835 1
   1165.13    10.840 1
   1165.72    10.850 1
   1166.30    10.852 1
   1166.88    10.860 1
   1167.47    10.866 1
   1168.05    10.869 1
   1168.64    10.868 1
   1169.22    10.864 1
   1169.80    10.868 1
   1170.39    10.873 1
   1170.97    10.875 1
   1171.56    10.873 1
   1172.14    10.867 1
   1172.72    10.864 1
   1173.31    10.863 1
   1173.89    10.860 1
   1174.48    10.859 1
   1175.06    10.861 1
   1175.65    10.865 1
   1176.23    10.869 1
   1176.81    10.868 1
   1177.40    10.877 1
   1177.98    10.877 1
   1178.56    10.884 1
   1179.15    10.888 1
   1179.73    10.897 1
   1180.32    10.898 1
   1180.90    10.900 1
   1181.48    10.901 1
   1182.07    10.904 1
   1182.65    10.903 1
   1183.24    10.915 1
   1183.82    10.915 1
   1184.41    10.918 1
   1184.99    10.922 1
   1185.57    10.924 1
   1186.16    10.928 1
   1186.74    10.934 1
   1187.33    10.935 1
   1187.91    10.940 1
   1188.49    10.941 1
   1189.08    10.945 1
   1189.66    10.953 1
   1190.25    10.960 1
   1190.83    10.969 1
   1191.41    10.971 1
   1192.00    10.976 1
   1192.58    10.984 1
   1193.17    10.987 1
   1193.75    11.004 1
   1194.33    11.011 1
   1194.92    11.024 1
   1195.50    11.034 1
   1196.09    11.040 1
   1196.67    11.048 1
   1197.26    11.057 1
   1197.84    11.082 1
   1198.42    11.106 1
   1199.01    11.129 1
   1199.59    11.148 1
   1200.18    11.176 1
   1200.76    11.188 1
   1201.34    11.199 1
   1201.93    11.217 1
   1202.51    11.243 1
   1203.09    11.272 1
   1203.68    11.295 1
   1204.26    11.323 1
   1204.85    11.363 1
   1205.43    11.405 1
   1206.02    11.441 1
   1206.60    11.484 1
   1207.18    11.529 1
   1207.77    11.580 1
   1208.35    11.634 1
   1208.94    11.697 1
   1209.52    11.761 1
   1210.10    11.831 1
   1210.69    11.909 1
   1211.27    11.988 1
   1211.86    12.078 1
   1212.44    12.172 1
   1213.02    12.275 1
   1213.61    12.387 1
   1214.19    12.506 1
   1214.78    12.636 1
   1215.36    12.756 1
   1215.94    12.786 1
   1216.53    12.714 1
   1217.11    12.588 1
   1217.70    12.470 1
   1218.28    12.362 1
   1218.86    12.251 1
   1219.45    12.154 1
   1220.03    12.060 1
   1220.62    11.979 1
   1221.20    11.897 1
   1221.78    11.823 1
   1222.37    11.765 1
   1222.95    11.705 1
   1223.54    11.645 1
   1224.12    11.595 1
   1224.70    11.553 1
   1225.29    11.503 1
   1225.87    11.462 1
   1226.46    11.426 1
   1227.04    11.388 1
   1227.62    11.356 1
   1228.21    11.324 1
   1228.79    11.298 1
   1229.38    11.274 1
   1229.96    11.251 1
   1230.54    11.226 1
   1231.13    11.209 1
   1231.71    11.177 1
   1232.30    11.157 1
   1232.88    11.140 1
   1233.46    11.125 1
   1234.05    11.112 1
   1234.63    11.095 1
   1235.22    11.081 1
   1235.80    11.066 1
   1236.39    11.060 1
   1236.97    11.040 1
   1237.55    11.028 1
   1238.14    11.021 1
   1238.72    11.023 1
   1239.31    11.016 1
   1239.89    11.004 1
   1240.47    10.995 1
   1241.06    10.990 1
   1241.64    10.986 1
   1242.22    10.984 1
   1242.81    10.979 1
   1243.39    10.970 1
   1243.98    10.973 1
   1244.56    10.969 1
   1245.15    10.968 1
   1245.73    10.969 1
   1246.31    10.965 1
   1246.90    10.965 1
   1247.48    10.957 1
   1248.06    10.966 1
   1248.65    10.956 1
   1249.23    10.955 1
   1249.82    10.957 1
   1250.40    10.955 1
   1250.98    10.950 1
   1251.57    10.947 1
   1252.15    10.952 1
   1252.74    10.949 1
   1253.32    10.945 1
   1253.90    10.938 1
   1254.49    10.947 1
   1255.07    10.948 1
   1255.66    10.955 1
   1256.24    10.947 1
   1256.82    10.944 1
   1257.41    10.940 1
   1257.99    10.951 1
   1258.58    10.949 1
   1259.16    10.950 1
   1259.74    10.951 1
   1260.33    10.958 1
   1260.91    10.946 1
   1261.50    10.949 1
   1262.08    10.941 1
   1262.66    10.942 1
   1263.25    10.937 1
   1263.83    10.941 1
   1264.42    10.939 1
   1265.00    10.937 1
   1265.58    10.944 1
   1266.17    10.946 1
   1266.75    10.949 1
   1267.34    10.945 1
   1267.92    10.944 1
   1268.50    10.946 1
   1269.09    10.944 1
   1269.67    10.944 1
   1270.26    10.944 1
   1270.84    10.946 1
   1271.42    10.938 1
   1272.01    10.944 1
   1272.59    10.942 1
   1273.18    10.948 1
   1273.76    10.944 1
   1274.34    10.944 1
   1274.93    10.942 1
   1275.51    10.945 1
   1276.10    10.951 1
   1276.68    10.948 1
   1277.26    10.951 1
   1277.85    10.951 1
   1278.43    10.945 1
   1279.02    10.954 1
   1279.60    10.949 1
   1280.18    10.949 1
   1280.77    10.954 1
   1281.35    10.951 1
   1281.94    10.953 1
   1282.52    10.952 1
   1283.10    10.955 1
   1283.69    10.945 1
   1284.27    10.946 1
   1284.85    10.950 1
   1285.44    10.946 1
   1286.02    10.944 1
   1286.61    10.948 1
   1287.19    10.953 1
   1287.78    10.954 1
   1288.36    10.950 1
   1288.94    10.949 1
   1289.53    10.955 1
   1290.11    10.956 1
   1290.69    10.959 1
   1291.28    10.958 1
   1291.86    10.957 1
   1292.45    10.958 1
   1293.03    10.961 1
   1293.61    10.959 1
   1294.20    10.961 1
   1294.78    10.964 1
   1295.37    10.965 1
   1295.95    10.961 1
   1296.53    10.961 1
   1297.12    10.959 1
   1297.70    10.965 1
   1298.29    10.954 1
   1298.87    10.962 1
   1299.45    10.957 1
   1300.04    10.958 1
   1300.62    10.960 1
   1301.21    10.964 1
   1301.79    10.969 1
   1302.37    10.977 1
   1302.96    10.973 1
   1303.54    10.965 1
   1304.12    10.967 1
   1304.71    10.965 1
   1305.29    10.966 1
   1305.88    10.966 1
   1306.46    10.960 1
   1307.05    10.967 1
   1307.63    10.965 1
   1308.21    10.968 1
   1308.80    10.972 1
   1309.38    10.976 1
   1309.96    10.975 1
   1310.55    10.980 1
   1311.13    10.980 1
   1311.72    10.980 1
   1312.30    10.979 1
   1312.88    10.980 1
   1313.47    10.978 1
   1314.05    10.982 1
   1314.64    10.978 1
   1315.22    10.977 1
   1315.80    10.980 1
   1316.39    10.979 1
   1316.97    10.976 1
   1317.56    10.975 1
   1318.14    10.972 1
   1318.72    10.979 1
   1319.31    10.981 1
   1319.89    10.982 1
   1320.47    10.986 1
   1321.06    10.982 1
   1321.64    10.989 1
   1322.23    10.988 1
   1322.81    10.985 1
   1323.40    10.980 1
   1323.98    10.990 1
   1324.56    10.991 1
   1325.15    10.985 1
   1325.73    10.989 1
   1326.31    10.985 1
   1326.90    10.992 1
   1327.48    10.994 1
   1328.07    10.984 1
   1328.65    10.984 1
   1329.23    10.995 1
   1329.82    10.989 1
   1330.40    10.994 1
   1330.99    10.989 1
   1331.57    10.994 1
   1332.15    10.998 1
   1332.74    11.006 1
   1333.32    11.009 1
   1333.91    11.016 1
   1334.49    11.028 1
   1335.07    11.022 1
   1335.66    11.007 1
   1336.24    11.008 1
   1336.82    11.002 1
   1337.41    11.005 1
   1337.99    10.998 1
   1338.58    11.000 1
   1339.16    11.002 1
   1339.74    10.997 1
   1340.33    10.997 1
   1340.91    11.006 1
   1341.50    11.008 1
   1342.08    11.001 1
   1342.66    11.004 1
   1343.25    11.007 1
   1343.83    11.006 1
   1344.42    11.009 1
   1345.00    11.003 1
   1345.58    11.004 1
   1346.17    11.007 1
   1346.75    11.005 1
   1347.33    11.002 1
   1347.92    11.007 1
   1348.50    11.007 1
   1349.09    11.010 1
   1349.67    11.013 1
   1350.26    11.008 1
   1350.84    11.009 1
   1351.42    11.013 1
   1352.01    11.013 1
   1352.59    11.015 1
   1353.17    11.014 1
   1353.76    11.015 1
   1354.34    11.016 1
   1354.93    11.016 1
   1355.51    11.017 1
   1356.09    11.013 1
   1356.68    11.016 1
   1357.26    11.017 1
   1357.84    11.015 1
   1358.43    11.015 1
   1359.01    11.015 1
   1359.60    11.020 1
   1360.18    11.021 1
   1360.77    11.014 1
   1361.35    11.021 1
   1361.93    11.023 1
   1362.52    11.021 1
   1363.10    11.017 1
   1363.68    11.020 1
   1364.27    11.024 1
   1364.85    11.028 1
   1365.44    11.029 1
   1366.02    11.023 1
   1366.60    11.024 1
   1367.19    11.029 1
   1367.77    11.025 1
   1368.35    11.027 1
   1368.94    11.026 1
   1369.52    11.033 1
   1370.11    11.033 1
   1370.69    11.030 1
   1371.28    11.029 1
   1371.86    11.031 1
   1372.44    11.034 1
   1373.03    11.035 1
   1373.61    11.038 1
   1374.19    11.033 1
   1374.78    11.033 1
   1375.36    11.028 1
   1375.95    11.040 1
   1376.53    11.032 1
   1377.11    11.034 1
   1377.70    11.035 1
   1378.28    11.042 1
   1378.86    11.043 1
   1379.45    11.036 1
   1380.03    11.038 1
   1380.62    11.044 1
   1381.20    11.040 1
   1381.78    11.042 1
   1382.37    11.038 1
   1382.95    11.037 1
   1383.54    11.040 1
   1384.12    11.047 1
   1384.70    11.047 1
   1385.29    11.044 1
   1385.87    11.048 1
   1386.45    11.044 1
   1387.04    11.046 1
   1387.62    11.043 1
   1388.21    11.046 1
   1388.79    11.048 1
   1389.38    11.044 1
   1389.96    11.047 1
   1390.54    11.052 1
   1391.13    11.049 1
   1391.71    11.047 1
   1392.29    11.049 1
   1392.88    11.051 1
   1393.46    11.058 1
   1394.05    11.051 1
   1394.63    11.057 1
   1395.21    11.057 1
   1395.80    11.053 1
   1396.38    11.056 1
   1396.96    11.057 1
   1397.55    11.056 1
   1398.13    11.050 1
   1398.72    11.051 1
   1399.30    11.055 1
   1399.88    11.056 1
   1400.47    11.053 1
   1401.05    11.059 1
   1401.64    11.058 1
   1402.22    11.058 1
   1402.80    11.057 1
   1403.39    11.059 1
   1403.97    11.060 1
   1404.56    11.059 1
   1405.14    11.064 1
   1405.72    11.062 1
   1406.31    11.066 1
   1406.89    11.070 1
   1407.47    11.068 1
   1408.06    11.067 1
   1408.64    11.067 1
   1409.22    11.063 1
   1409.81    11.070 1
   1410.39    11.063 1
   1410.98    11.065 1
   1411.56    11.061 1
   1412.15    11.064 1
   1412.73    11.067 1
   1413.31    11.067 1
   1413.90    11.068 1
   1414.48    11.065 1
   1415.06    11.068 1
   1415.65    11.072 1
   1416.23    11.073 1
   1416.81    11.075 1
   1417.40    11.071 1
   1417.98    11.074 1
   1418.57    11.077 1
   1419.15    11.075 1
   1419.73    11.075 1
   1420.32    11.081 1
   1420.90    11.081 1
   1421.49    11.083 1
   1422.07    11.086 1
   1422.65    11.086 1
   1423.24    11.088 1
   1423.82    11.081 1
   1424.41    11.087 1
   1424.99    11.081 1
   1425.57    11.085 1
   1426.16    11.079 1
   1426.74    11.079 1
   1427.32    11.083 1
   1427.91    11.083 1
   1428.49    11.083 1
   1429.08    11.081 1
   1429.66    11.084 1
   1430.24    11.084 1
   1430.83    11.089 1
   1431.41    11.088 1
   1431.99    11.091 1
   1432.58    11.087 1
   1433.16    11.087 1
   1433.75    11.094 1
   1434.33    11.091 1
   1434.91    11.090 1
   1435.50    11.085 1
   1436.08    11.090 1
   1436.67    11.092 1
   1437.25    11.092 1
   1437.83    11.092 1
   1438.42    11.090 1
   1439.00    11.096 1
   1439.58    11.099 1
   1440.17    11.094 1
   1440.75    11.102 1
   1441.34    11.096 1
   1441.92    11.096 1
   1442.50    11.099 1
   1443.09    11.094 1
   1443.67    11.097 1
   1444.26    11.097 1
   1444.84    11.098 1
   1445.42    11.092 1
   1446.01    11.101 1
   1446.59    11.101 1
   1447.17    11.099 1
   1447.76    11.096 1
   1448.34    11.104 1
   1448.93    11.102 1
   1449.51    11.104 1
   1450.09    11.101 1
   1450.68    11.108 1
   1451.26    11.106 1
   1451.84    11.104 1
   1452.43    11.106 1
   1453.01    11.103 1
   1453.59    11.104 1
   1454.18    11.103 1
   1454.76    11.111 1
   1455.35    11.113 1
   1455.93    11.113 1
   1456.51    11.110 1
   1457.10    11.110 1
   1457.68    11.113 1
   1458.27    11.111 1
   1458.85    11.111 1
   1459.43    11.113 1
   1460.02    11.113 1
   1460.60    11.114 1
   1461.19    11.118 1
   1461.77    11.123 1
   1462.35    11.118 1
   1462.94    11.114 1
   1463.52    11.114 1
   1464.10    11.114 1
   1464.69    11.113 1
   1465.27    11.120 1
   1465.85    11.116 1
   1466.44    11.118 1
   1467.02    11.115 1
   1467.61    11.118 1
   1468.19    11.117 1
   1468.77    11.118 1
   1469.36    11.118 1
   1469.94    11.119 1
   1470.53    11.119 1
   1471.11    11.122 1
   1471.69    11.123 1
   1472.28    11.124 1
   1472.86    11.124 1
   1473.44    11.126 1
   1474.03    11.131 1
   1474.61    11.128 1
   1475.19    11.127 1
   1475.78    11.127 1
   1476.36    11.132 1
   1476.95    11.133 1
   1477.53    11.125 1
   1478.11    11.126 1
   1478.70    11.130 1
   1479.28    11.131 1
   1479.87    11.127 1
   1480.45    11.129 1
   1481.03    11.126 1
   1481.62    11.135 1
   1482.20    11.133 1
   1482.78    11.130 1
   1483.37    11.133 1
   1483.95    11.130 1
   1484.54    11.130 1
   1485.12    11.129 1
   1485.70    11.138 1
   1486.29    11.141 1
   1486.87    11.140 1
   1487.45    11.140 1
   1488.04    11.142 1
   1488.62    11.141 1
   1489.21    11.135 1
   1489.79    11.139 1
   1490.37    11.139 1
   1490.96    11.143 1
   1491.54    11.148 1
   1492.12    11.150 1
   1492.71    11.148 1
   1493.29    11.150 1
   1493.88    11.148 1
   1494.46    11.142 1
   1495.04    11.145 1
   1495.63    11.147 1
   1496.21    11.148 1
   1496.80    11.145 1
   1497.38    11.146 1
   1497.96    11.147 1
   1498.55    11.152 1
   1499.13    11.147 1
   1499.71    11.145 1
   1500.30    11.144 1
   1500.88    11.147 1
   1501.46    11.149 1
   1502.05    11.151 1
   1502.63    11.151 1
   1503.22    11.158 1
   1503.80    11.159 1
   1504.38    11.154 1
   1504.97    11.157 1
   1505.55    11.164 1
   1506.14    11.161 1
   1506.72    11.163 1
   1507.30    11.163 1
   1507.89    11.155 1
   1508.47    11.157 1
   1509.05    11.155 1
   1509.64    11.156 1
   1510.22    11.159 1
   1510.80    11.158 1
   1511.39    11.156 1
   1511.97    11.156 1
   1512.56    11.155 1
   1513.14    11.158 1
   1513.72    11.159 1
   1514.31    11.156 1
   1514.89    11.159 1
   1515.47    11.161 1
   1516.06    11.161 1
   1516.64    11.163 1
   1517.23    11.168 1
   1517.81    11.165 1
   1518.39    11.165 1
   1518.98    11.165 1
   1519.56    11.169 1
   1520.14    11.167 1
   1520.73    11.169 1
   1521.31    11.166 1
   1521.90    11.169 1
   1522.48    11.175 1
   1523.06    11.171 1
   1523.65    11.168 1
   1524.23    11.173 1
   1524.81    11.170 1
   1525.40    11.174 1
   1525.98    11.177 1
   1526.56    11.175 1
   1527.15    11.176 1
   1527.73    11.172 1
   1528.32    11.174 1
   1528.90    11.177 1
   1529.48    11.175 1
   1530.07    11.173 1
   1530.65    11.180 1
   1531.23    11.182 1
   1531.82    11.180 1
   1532.40    11.179 1
   1532.99    11.182 1
   1533.57    11.180 1
   1534.15    11.178 1
   1534.74    11.182 1
   1535.32    11.181 1
   1535.91    11.185 1
   1536.49    11.181 1
   1537.07    11.188 1
   1537.66    11.188 1
   1538.24    11.185 1
   1538.82    11.184 1
   1539.41    11.185 1
   1539.99    11.187 1
   1540.57    11.195 1
   1541.16    11.196 1
   1541.74    11.191 1
   1542.33    11.188 1
   1542.91    11.191 1
   1543.49    11.188 1
   1544.08    11.184 1
   1544.66    11.187 1
   1545.24    11.185 1
   1545.83    11.183 1
   1546.41    11.187 1
   1546.99    11.187 1
   1547.58    11.193 1
   1548.16    11.209 1
   1548.75    11.206 1
   1549.33    11.200 1
   1549.91    11.198 1
   1550.50    11.204 1
   1551.08    11.210 1
   1551.67    11.204 1
   1552.25    11.200 1
   1552.83    11.197 1
   1553.42    11.197 1
   1554.00    11.198 1
   1554.58    11.198 1
   1555.17    11.192 1
   1555.75    11.201 1
   1556.33    11.203 1
   1556.92    11.205 1
   1557.50    11.195 1
   1558.08    11.196 1
   1558.67    11.200 1
   1559.25    11.199 1
   1559.84    11.197 1
   1560.42    11.201 1
   1561.00    11.208 1
   1561.59    11.207 1
   1562.17    11.204 1
   1562.76    11.208 1
   1563.34    11.207 1
   1563.92    11.205 1
   1564.51    11.206 1
   1565.09    11.211 1
   1565.67    11.209 1
   1566.26    11.213 1
   1566.84    11.213 1
   1567.42    11.218 1
   1568.01    11.211 1
   1568.59    11.215 1
   1569.18    11.206 1
   1569.76    11.210 1
   1570.34    11.213 1
   1570.93    11.216 1
   1571.51    11.210 1
   1572.09    11.208 1
   1572.68    11.217 1
   1573.26    11.214 1
   1573.84    11.210 1
   1574.43    11.207 1
   1575.01    11.212 1
   1575.60    11.223 1
   1576.18    11.220 1
   1576.76    11.221 1
   1577.35    11.222 1
   1577.93    11.217 1
   1578.51    11.221 1
   1579.10    11.220 1
   1579.68    11.225 1
   1580.27    11.225 1
   1580.85    11.221 1
   1581.43    11.218 1
   1582.02    11.218 1
   1582.60    11.220 1
   1583.18    11.226 1
   1583.77    11.235 1
   1584.35    11.227 1
   1584.94    11.225 1
   1585.52    11.226 1
   1586.10    11.228 1
   1586.69    11.230 1
   1587.27    11.226 1
   1587.85    11.223 1
   1588.44    11.233 1
   1589.02    11.230 1
   1589.60    11.229 1
   1590.19    11.229 1
   1590.77    11.228 1
   1591.35    11.226 1
   1591.94    11.223 1
   1592.52    11.227 1
   1593.11    11.231 1
   1593.69    11.235 1
   1594.27    11.237 1
   1594.86    11.236 1
   1595.44    11.232 1
   1596.02    11.231 1
   1596.61    11.233 1
   1597.19    11.237 1
   1597.78    11.234 1
   1598.36    11.235 1
   1598.94    11.243 1
   1599.53    11.238 1
   1600.11    11.242 1
   1600.69    11.241 1
   1601.28    11.237 1
   1601.86    11.237 1
   1602.44    11.245 1
   1603.03    11.247 1
   1603.61    11.250 1
   1604.19    11.246 1
   1604.78    11.239 1
   1605.36    11.252 1
   1605.95    11.252 1
   1606.53    11.249 1
   1607.11    11.251 1
   1607.70    11.247 1
   1608.28    11.250 1
   1608.86    11.241 1
   1609.45    11.244 1
   1610.03    11.247 1
   1610.61    11.248 1
   1611.20    11.252 1
   1611.78    11.258 1
   1612.37    11.258 1
   1612.95    11.246 1
   1613.53    11.244 1
   1614.12    11.251 1
   1614.70    11.243 1
   1615.29    11.246 1
   1615.87    11.249 1
   1616.45    11.238 1
   1617.04    11.240 1
   1617.62    11.243 1
   1618.20    11.255 1
   1618.79    11.258 1
   1619.37    11.259 1
   1619.95    11.255 1
   1620.54    11.265 1
   1621.12    11.268 1
   1621.70    11.263 1
   1622.29    11.262 1
   1622.87    11.265 1
   1623.45    11.265 1
   1624.04    11.265 1
   1624.62    11.262 1
   1625.21    11.266 1
   1625.79    11.262 1
   1626.37    11.255 1
   1626.96    11.255 1
   1627.54    11.260 1
   1628.12    11.260 1
   1628.71    11.256 1
   1629.29    11.259 1
   1629.88    11.259 1
   1630.46    11.258 1
   1631.04    11.259 1
   1631.63    11.260 1
   1632.21    11.267 1
   1632.79    11.275 1
   1633.38    11.272 1
   1633.96    11.271 1
   1634.54    11.266 1
   1635.13    11.269 1
   1635.71    11.277 1
   1636.30    11.276 1
   1636.88    11.275 1
   1637.46    11.273 1
   1638.05    11.267 1
   1638.63    11.272 1
   1639.21    11.271 1
   1639.80    11.273 1
   1640.38    11.268 1
   1640.96    11.275 1
   1641.55    11.270 1
   1642.13    11.271 1
   1642.71    11.271 1
   1643.30    11.275 1
   1643.88    11.268 1
   1644.47    11.270 1
   1645.05    11.269 1
   1645.63    11.280 1
   1646.22    11.281 1
   1646.80    11.281 1
   1647.38    11.280 1
   1647.97    11.284 1
   1648.55    11.283 1
   1649.14    11.272 1
   1649.72    11.281 1
   1650.30    11.288 1
   1650.89    11.286 1
   1651.47    11.289 1
   1652.05    11.287 1
   1652.64    11.280 1
   1653.22    11.281 1
   1653.80    11.278 1
   1654.39    11.284 1
   1654.97    11.281 1
   1655.55    11.285 1
   1656.14    11.284 1
   1656.72    11.285 1
   1657.31    11.275 1
   1657.89    11.283 1
   1658.47    11.288 1
   1659.06    11.285 1
   1659.64    11.289 1
   1660.22    11.290 1
   1660.81    11.291 1
   1661.39    11.300 1
   1661.97    11.296 1
   1662.56    11.296 1
   1663.14    11.291 1
   1663.72    11.297 1
   1664.31    11.298 1
   1664.89    11.291 1
   1665.47    11.302 1
   1666.06    11.301 1
   1666.64    11.293 1
   1667.23    11.293 1
   1667.81    11.292 1
   1668.39    11.298 1
   1668.98    11.303 1
   1669.56    11.291 1
   1670.14    11.297 1
   1670.73    11.299 1
   1671.31    11.293 1
   1671.90    11.293 1
   1672.48    11.299 1
   1673.06    11.298 1
   1673.65    11.306 1
   1674.23    11.302 1
   1674.81    11.299 1
   1675.40    11.309 1
   1675.98    11.313 1
   1676.56    11.312 1
   1677.15    11.313 1
   1677.73    11.310 1
   1678.84    11.301 1
   1680.21    11.300 1
   1681.58    11.306 1
   1682.95    11.306 1
   1684.32    11.309 1
   1685.69    11.313 1
   1687.06    11.315 1
   1688.44    11.312 1
   1689.81    11.312 1
   1691.18    11.312 1
   1692.55    11.319 1
   1693.92    11.324 1
   1695.29    11.320 1
   1696.66    11.322 1
   1698.03    11.320 1
   1699.41    11.324 1
   1700.78    11.323 1
   1702.15    11.324 1
   1703.52    11.325 1
   1704.89    11.324 1
   1706.26    11.328 1
   1707.63    11.320 1
   1709.00    11.326 1
   1710.38    11.333 1
   1711.75    11.336 1
   1713.12    11.335 1
   1714.49    11.335 1
   1715.86    11.334 1
   1717.23    11.335 1
   1718.60    11.334 1
   1719.97    11.339 1
   1721.35    11.344 1
   1722.72    11.339 1
   1724.09    11.342 1
   1725.46    11.346 1
   1726.83    11.345 1
   1728.20    11.348 1
   1729.57    11.348 1
   1730.95    11.346 1
   1732.32    11.346 1
   1733.69    11.347 1
   1735.06    11.348 1
   1736.43    11.351 1
   1737.80    11.355 1
   1739.18    11.357 1
   1740.55    11.356 1
   1741.92    11.353 1
   1743.29    11.354 1
   1744.66    11.362 1
   1746.03    11.363 1
   1747.41    11.366 1
   1748.78    11.366 1
   1750.15    11.360 1
   1751.52    11.360 1
   1752.89    11.365 1
   1754.27    11.370 1
   1755.64    11.369 1
   1757.01    11.365 1
   1758.38    11.374 1
   1759.75    11.372 1
   1761.12    11.371 1
   1762.50    11.373 1
   1763.87    11.373 1
   1765.24    11.375 1
   1766.61    11.377 1
   1767.98    11.374 1
   1769.35    11.379 1
   1770.73    11.383 1
   1772.10    11.381 1
   1773.47    11.386 1
   1774.84    11.386 1
   1776.21    11.384 1
   1777.59    11.385 1
   1778.96    11.388 1
   1780.33    11.388 1
   1781.70    11.388 1
   1783.07    11.388 1
   1784.45    11.391 1
   1785.82    11.395 1
   1787.19    11.394 1
   1788.56    11.397 1
   1789.94    11.400 1
   1791.31    11.397 1
   1792.68    11.401 1
   1794.05    11.402 1
   1795.42    11.401 1
   1796.80    11.401 1
   1798.17    11.401 1
   1799.54    11.404 1
   1800.91    11.403 1
   1802.29    11.401 1
   1803.66    11.402 1
   1805.03    11.403 1
   1806.40    11.409 1
   1807.77    11.416 1
   1809.15    11.415 1
   1810.52    11.414 1
   1811.89    11.413 1
   1813.26    11.419 1
   1814.64    11.417 1
   1816.01    11.417 1
   1817.38    11.419 1
   1818.75    11.419 1
   1820.12    11.417 1
   1821.50    11.417 1
   1822.87    11.419 1
   1824.24    11.419 1
   1825.61    11.421 1
   1826.99    11.422 1
   1828.36    11.426 1
   1829.73    11.426 1
   1831.10    11.427 1
   1832.48    11.429 1
   1833.85    11.428 1
   1835.22    11.430 1
   1836.59    11.432 1
   1837.97    11.434 1
   1839.34    11.433 1
   1840.71    11.434 1
   1842.08    11.439 1
   1843.46    11.432 1
   1844.83    11.432 1
   1846.20    11.435 1
   1847.57    11.435 1
   1848.95    11.436 1
   1850.32    11.437 1
   1851.69    11.447 1
   1853.06    11.453 1
   1854.44    11.455 1
   1855.81    11.453 1
   1857.18    11.451 1
   1858.56    11.453 1
   1859.93    11.452 1
   1861.30    11.458 1
   1862.67    11.463 1
   1864.05    11.457 1
   1865.42    11.452 1
   1866.79    11.456 1
   1868.17    11.454 1
   1869.54    11.456 1
   1870.91    11.458 1
   1872.28    11.461 1
   1873.66    11.462 1
   1875.03    11.459 1
   1876.40    11.462 1
   1877.78    11.464 1
   1879.15    11.469 1
   1880.52    11.471 1
   1881.89    11.468 1
   1883.27    11.470 1
   1884.64    11.468 1
   1886.01    11.468 1
   1887.39    11.467 1
   1888.76    11.466 1
   1890.13    11.466 1
   1891.50    11.469 1
   1892.88    11.470 1
   1894.25    11.475 1
   1895.62    11.478 1
   1896.99    11.478 1
   1898.37    11.478 1
   1899.74    11.481 1
   1901.11    11.485 1
   1902.49    11.488 1
   1903.86    11.484 1
   1905.23    11.483 1
   1906.61    11.482 1
   1907.98    11.483 1
   1909.35    11.481 1
   1910.73    11.484 1
   1912.10    11.488 1
   1913.47    11.489 1
   1914.84    11.488 1
   1916.22    11.487 1
   1917.59    11.492 1
   1918.96    11.491 1
   1920.34    11.493 1
   1921.71    11.497 1
   1923.08    11.505 1
   1924.46    11.504 1
   1925.83    11.503 1
   1927.20    11.503 1
   1928.58    11.499 1
   1929.95    11.503 1
   1931.32    11.504 1
   1932.70    11.505 1
   1934.07    11.505 1
   1935.44    11.507 1
   1936.82    11.508 1
   1938.19    11.505 1
   1939.56    11.505 1
   1940.94    11.509 1
   1942.31    11.511 1
   1943.68    11.511 1
   1945.06    11.514 1
   1946.43    11.517 1
   1947.80    11.520 1
   1949.18    11.519 1
   1950.55    11.518 1
   1951.92    11.520 1
   1953.30    11.517 1
   1954.67    11.517 1
   1956.04    11.522 1
   1957.42    11.527 1
   1958.79    11.525 1
   1960.16    11.525 1
   1961.54    11.525 1
   1962.91    11.528 1
   1964.28    11.528 1
   1965.66    11.525 1
   1967.03    11.527 1
   1968.40    11.531 1
   1969.78    11.533 1
   1971.15    11.536 1
   1972.52    11.536 1
   1973.90    11.532 1
   1975.27    11.529 1
   1976.64    11.534 1
   1978.02    11.538 1
   1979.39    11.538 1
   1980.76    11.541 1
   1982.14    11.542 1
   1983.51    11.538 1
   1984.89    11.542 1
   1986.26    11.546 1
   1987.63    11.543 1
   1989.01    11.546 1
   1990.38    11.548 1
   1991.75    11.551 1
   1993.13    11.552 1
   1994.50    11.552 1
   1995.87    11.552 1
   1997.25    11.554 1
   1998.62    11.553 1
   1999.99    11.551 1
   2001.37    11.551 1
   2002.74    11.555 1
   2004.11    11.557 1
   2005.49    11.557 1
   2006.86    11.560 1
   2008.24    11.560 1
   2009.61    11.557 1
   2010.98    11.561 1
   2012.36    11.567 1
   2013.73    11.568 1
   2015.10    11.564 1
   2016.48    11.567 1
   2017.85    11.569 1
   2019.23    11.570 1
   2020.60    11.570 1
   2021.97    11.568 1
   2023.35    11.570 1
   2024.72    11.573 1
   2026.09    11.572 1
   2027.47    11.574 1
   2028.84    11.580 1
   2030.22    11.578 1
   2031.59    11.577 1
   2032.96    11.577 1
   2034.34    11.577 1
   2035.71    11.579 1
   2037.08    11.584 1
   2038.46    11.587 1
   2039.83    11.587 1
   2041.21    11.588 1
   2042.58    11.583 1
   2043.95    11.584 1
   2045.33    11.586 1
   2046.70    11.586 1
   2048.08    11.589 1
   2049.45    11.587 1
   2050.82    11.588 1
   2052.20    11.596 1
   2053.57    11.595 1
   2054.95    11.597 1
   2056.32    11.596 1
   2057.69    11.597 1
   2059.07    11.598 1
   2060.44    11.599 1
   2061.81    11.597 1
   2063.19    11.596 1
   2064.56    11.597 1
   2065.94    11.601 1
   2067.31    11.602 1
   2068.69    11.607 1
   2070.06    11.608 1
   2071.43    11.608 1
   2072.81    11.608 1
   2074.18    11.605 1
   2075.55    11.608 1
   2076.93    11.607 1
   2078.30    11.610 1
   2079.68    11.610 1
   2081.05    11.614 1
   2082.42    11.613 1
   2083.80    11.617 1
   2085.17    11.617 1
   2086.55    11.615 1
   2087.92    11.616 1
   2089.29    11.619 1
   2090.67    11.622 1
   2092.04    11.625 1
   2093.42    11.625 1
   2094.79    11.624 1
   2096.17    11.624 1
   2097.54    11.621 1
   2098.91    11.625 1
   2100.29    11.626 1
   2101.66    11.629 1
   2103.03    11.629 1
   2104.41    11.625 1
   2105.78    11.628 1
   2107.16    11.631 1
   2108.53    11.633 1
   2109.91    11.635 1
   2111.28    11.632 1
   2112.65    11.629 1
   2114.03    11.632 1
   2115.40    11.634 1
   2116.78    11.638 1
   2118.15    11.640 1
   2119.52    11.639 1
   2120.90    11.637 1
   2122.27    11.638 1
   2123.65    11.643 1
   2125.02    11.642 1
   2126.40    11.643 1
   2127.77    11.649 1
   2129.14    11.647 1
   2130.52    11.648 1
   2131.89    11.648 1
   2133.27    11.651 1
   2134.64    11.649 1
   2136.01    11.648 1
   2137.39    11.651 1
   2138.76    11.653 1
   2140.14    11.652 1
   2141.51    11.654 1
   2142.89    11.659 1
   2144.26    11.657 1
   2145.64    11.654 1
   2147.01    11.656 1
   2148.38    11.658 1
   2149.76    11.658 1
   2151.13    11.657 1
   2152.51    11.661 1
   2153.88    11.661 1
   2155.25    11.665 1
   2156.63    11.665 1
   2158.00    11.666 1
   2159.38    11.670 1
   2160.75    11.672 1
   2162.13    11.672 1
   2163.50    11.673 1
   2164.88    11.668 1
   2166.25    11.668 1
   2167.62    11.670 1
   2169.00    11.672 1
   2170.37    11.671 1
   2171.75    11.672 1
   2173.12    11.671 1
   2174.50    11.674 1
   2175.87    11.675 1
   2177.24    11.673 1
   2178.62    11.682 1
   2179.99    11.684 1
   2181.37    11.684 1
   2182.74    11.680 1
   2184.11    11.683 1
   2185.49    11.686 1
   2186.86    11.688 1
   2188.24    11.685 1
   2189.61    11.682 1
   2190.99    11.686 1
   2192.36    11.689 1
   2193.74    11.689 1
   2195.11    11.690 1
   2196.48    11.692 1
   2197.86    11.691 1
   2199.23    11.694 1
   2200.61    11.696 1
   2201.98    11.699 1
   2203.36    11.692 1
   2204.73    11.692 1
   2206.10    11.695 1
   2207.48    11.696 1
   2208.85    11.700 1
   2210.23    11.698 1
   2211.60    11.703 1
   2212.98    11.701 1
   2214.35    11.704 1
   2215.73    11.701 1
   2217.10    11.702 1
   2218.47    11.699 1
   2219.85    11.701 1
   2221.22    11.707 1
   2222.60    11.711 1
   2223.97    11.709 1
   2225.35    11.706 1
   2226.72    11.709 1
   2228.09    11.714 1
   2229.47    11.714 1
   2230.84    11.714 1
   2232.22    11.716 1
   2233.59    11.717 1
   2234.97    11.718 1
   2236.34    11.719 1
   2237.72    11.724 1
   2239.09    11.727 1
   2240.47    11.723 1
   2241.84    11.719 1
   2243.21    11.722 1
   2244.59    11.723 1
   2245.96    11.725 1
   2247.34    11.725 1
   2248.71    11.726 1
   2250.09    11.726 1
   2251.46    11.727 1
   2252.83    11.729 1
   2254.21    11.729 1
   2255.58    11.727 1
   2256.96    11.728 1
   2258.33    11.728 1
   2259.71    11.731 1
   2261.08    11.734 1
   2262.46    11.735 1
   2263.83    11.736 1
   2265.21    11.734 1
   2266.58    11.734 1
   2267.96    11.735 1
   2269.33    11.738 1
   2270.70    11.738 1
   2272.08    11.741 1
   2273.45    11.744 1
   2274.83    11.745 1
   2276.20    11.746 1
   2277.58    11.744 1
   2278.95    11.747 1
   2280.32    11.745 1
   2281.70    11.745 1
   2283.07    11.751 1
   2284.45    11.751 1
   2285.82    11.749 1
   2287.20    11.752 1
   2288.57    11.753 1
   2289.95    11.757 1
   2291.32    11.757 1
   2292.70    11.758 1
   2294.07    11.757 1
   2295.44    11.758 1
   2296.82    11.760 1
   2298.19    11.761 1
   2299.57    11.763 1
   2300.94    11.761 1
   2302.32    11.762 1
   2303.69    11.759 1
   2305.07    11.758 1
   2306.44    11.760 1
   2307.81    11.763 1
   2309.19    11.763 1
   2310.56    11.762 1
   2311.94    11.764 1
   2313.31    11.767 1
   2314.69    11.767 1
   2316.06    11.770 1
   2317.44    11.773 1
   2318.81    11.772 1
   2320.19    11.772 1
   2321.56    11.772 1
   2322.93    11.775 1
   2324.31    11.776 1
   2325.68    11.779 1
   2327.06    11.777 1
   2328.43    11.777 1
   2329.81    11.779 1
   2331.18    11.781 1
   2332.56    11.784 1
   2333.93    11.784 1
   2335.30    11.783 1
   2336.68    11.782 1
   2338.05    11.784 1
   2339.43    11.781 1
   2340.80    11.779 1
   2342.18    11.783 1
   2343.55    11.789 1
   2344.93    11.790 1
   2346.30    11.793 1
   2347.68    11.792 1
   2349.05    11.784 1
   2350.42    11.785 1
   2351.80    11.790 1
   2353.17    11.793 1
   2354.55    11.794 1
   2355.92    11.794 1
   2357.30    11.796 1
   2358.67    11.800 1
   2360.05    11.801 1
   2361.42    11.798 1
   2362.79    11.799 1
   2364.17    11.799 1
   2365.54    11.797 1
   2366.92    11.799 1
   2368.29    11.801 1
   2369.67    11.804 1
   2371.04    11.804 1
   2372.42    11.806 1
   2373.79    11.805 1
   2375.17    11.807 1
   2376.54    11.805 1
   2377.91    11.805 1
   2379.29    11.809 1
   2380.66    11.814 1
   2382.04    11.818 1
   2383.41    11.818 1
   2384.79    11.813 1
   2386.16    11.812 1
   2387.53    11.815 1
   2388.91    11.818 1
   2390.28    11.815 1
   2391.66    11.815 1
   2393.03    11.816 1
   2394.41    11.821 1
   2395.78    11.822 1
   2397.16    11.822 1
   2398.53    11.827 1
   2399.91    11.826 1
   2401.28    11.822 1
   2402.65    11.820 1
   2404.03    11.824 1
   2405.40    11.826 1
   2406.78    11.827 1
   2408.15    11.828 1
   2409.53    11.831 1
   2410.90    11.832 1
   2412.27    11.833 1
   2413.65    11.831 1
   2415.02    11.834 1
   2416.40    11.837 1
   2417.77    11.836 1
   2419.15    11.835 1
   2420.52    11.835 1
   2421.90    11.835 1
   2423.27    11.836 1
   2424.65    11.841 1
   2426.02    11.838 1
   2427.39    11.838 1
   2428.77    11.843 1
   2430.14    11.842 1
   2431.52    11.843 1
   2432.89    11.841 1
   2434.27    11.843 1
   2435.64    11.844 1
   2437.01    11.849 1
   2438.39    11.848 1
   2439.76    11.846 1
   2441.14    11.847 1
   2442.51    11.847 1
   2443.89    11.846 1
   2445.26    11.847 1
   2446.64    11.849 1
   2448.01    11.852 1
   2449.38    11.852 1
   2450.76    11.856 1
   2452.13    11.861 1
   2453.51    11.861 1
   2454.88    11.859 1
   2456.25    11.860 1
   2457.63    11.857 1
   2459.00    11.862 1
   2460.38    11.860 1
   2461.75    11.862 1
   2463.13    11.861 1
   2464.50    11.863 1
   2465.88    11.864 1
   2467.25    11.867 1
   2468.62    11.870 1
   2470.00    11.867 1
   2471.37    11.870 1
   2472.75    11.868 1
   2474.12    11.870 1
   2475.50    11.872 1
   2476.87    11.869 1
   2478.24    11.867 1
   2479.62    11.869 1
   2480.99    11.873 1
   2482.37    11.873 1
   2483.74    11.874 1
   2485.12    11.873 1
   2486.49    11.875 1
   2487.86    11.877 1
   2489.24    11.875 1
   2490.61    11.877 1
   2491.99    11.881 1
   2493.36    11.885 1
   2494.74    11.883 1
   2496.11    11.883 1
   2497.48    11.881 1
   2498.86    11.883 1
   2500.23    11.883 1
   2501.61    11.886 1
   2502.98    11.889 1
   2504.35    11.889 1
   2505.73    11.889 1
   2507.10    11.887 1
   2508.48    11.887 1
   2509.85    11.888 1
   2511.23    11.888 1
   2512.60    11.893 1
   2513.97    11.892 1
   2515.35    11.892 1
   2516.72    11.891 1
   2518.10    11.891 1
   2519.47    11.895 1
   2520.84    11.894 1
   2522.22    11.896 1
   2523.59    11.902 1
   2524.97    11.903 1
   2526.34    11.905 1
   2527.72    11.903 1
   2529.09    11.900 1
   2530.46    11.903 1
   2531.84    11.903 1
   2533.21    11.903 1
   2534.59    11.907 1
   2535.96    11.909 1
   2537.33    11.911 1
   2538.71    11.911 1
   2540.08    11.907 1
   2541.46    11.907 1
   2542.83    11.908 1
   2544.21    11.907 1
   2545.58    11.911 1
   2546.95    11.910 1
   2548.33    11.913 1
   2549.70    11.914 1
   2551.07    11.916 1
   2552.45    11.918 1
   2553.82    11.916 1
   2555.20    11.919 1
   2556.57    11.919 1
   2557.95    11.922 1
   2559.32    11.919 1
   2560.69    11.919 1
   2562.07    11.920 1
   2563.44    11.921 1
   2564.81    11.926 1
   2566.19    11.927 1
   2567.56    11.926 1
   2568.94    11.925 1
   2570.31    11.925 1
   2571.69    11.929 1
   2573.06    11.934 1
   2574.43    11.930 1
   2575.81    11.928 1
   2577.18    11.931 1
   2578.55    11.930 1
   2579.93    11.932 1
   2581.30    11.935 1
   2582.68    11.938 1
   2584.05    11.935 1
   2585.43    11.936 1
   2586.80    11.936 1
   2588.17    11.937 1
   2589.55    11.935 1
   2590.92    11.938 1
   2592.29    11.936 1
   2593.67    11.938 1
   2595.04    11.940 1
   2596.42    11.940 1
   2597.79    11.944 1
   2599.16    11.948 1
   2600.54    11.948 1
   2601.91    11.942 1
   2603.28    11.944 1
   2604.66    11.947 1
   2606.03    11.951 1
   2607.41    11.949 1
   2608.78    11.950 1
   2610.15    11.951 1
   2611.53    11.948 1
   2612.90    11.948 1
   2614.27    11.950 1
   2615.65    11.950 1
   2617.02    11.947 1
   2618.40    11.949 1
   2619.77    11.954 1
   2621.14    11.957 1
   2622.52    11.957 1
   2623.89    11.955 1
   2625.26    11.958 1
   2626.64    11.959 1
   2628.01    11.961 1
   2629.39    11.962 1
   2630.76    11.963 1
   2632.13    11.960 1
   2633.51    11.962 1
   2634.88    11.964 1
   2636.25    11.969 1
   2637.63    11.970 1
   2639.00    11.965 1
   2640.38    11.967 1
   2641.75    11.966 1
   2643.12    11.969 1
   2644.50    11.974 1
   2645.87    11.974 1
   2647.24    11.971 1
   2648.62    11.971 1
   2649.99    11.972 1
   2651.36    11.971 1
   2652.74    11.973 1
   2654.11    11.974 1
   2655.48    11.978 1
   2656.86    11.976 1
   2658.23    11.975 1
   2659.60    11.976 1
   2660.98    11.976 1
   2662.35    11.978 1
   2663.73    11.984 1
   2665.10    11.982 1
   2666.47    11.983 1
   2667.85    11.983 1
   2669.22    11.984 1
   2670.59    11.987 1
   2671.97    11.985 1
   2673.34    11.986 1
   2674.71    11.990 1
   2676.09    11.995 1
   2677.46    11.995 1
   2678.83    11.984 1
   2680.21    11.985 1
   2681.58    11.988 1
   2682.95    11.988 1
   2684.33    11.994 1
   2685.70    11.995 1
   2687.07    11.995 1
   2688.45    11.992 1
   2689.82    11.992 1
   2691.19    11.994 1
   2692.57    11.994 1
   2693.94    11.997 1
   2695.31    11.996 1
   2696.69    11.996 1
   2698.06    11.999 1
   2699.43    12.002 1
   2700.81    12.004 1
   2702.18    12.002 1
   2703.55    12.005 1
   2704.93    12.002 1
   2706.30    12.006 1
   2707.67    12.007 1
   2709.05    12.009 1
   2710.42    12.011 1
   2711.79    12.008 1
   2713.17    12.010 1
   2714.54    12.010 1
   2715.91    12.011 1
   2717.28    12.012 1
   2718.66    12.012 1
   2720.03    12.010 1
   2721.40    12.010 1
   2722.78    12.012 1
   2724.15    12.012 1
   2725.52    12.017 1
   2726.90    12.018 1
   2728.27    12.013 1
   2729.64    12.015 1
   2731.02    12.019 1
   2732.39    12.017 1
   2733.76    12.019 1
   2735.14    12.021 1
   2736.51    12.020 1
   2737.88    12.022 1
   2739.25    12.022 1
   2740.63    12.027 1
   2742.00    12.029 1
   2743.37    12.026 1
   2744.75    12.023 1
   2746.12    12.028 1
   2747.49    12.030 1
   2748.86    12.032 1
   2750.24    12.035 1
   2751.61    12.035 1
   2752.98    12.033 1
   2754.36    12.029 1
   2755.73    12.032 1
   2757.10    12.034 1
   2758.48    12.032 1
   2759.85    12.031 1
   2761.22    12.039 1
   2762.59    12.039 1
   2763.97    12.039 1
   2765.34    12.038 1
   2766.71    12.038 1
   2768.08    12.040 1
   2769.46    12.041 1
   2770.83    12.041 1
   2772.20    12.043 1
   2773.58    12.039 1
   2774.95    12.042 1
   2776.32    12.048 1
   2777.69    12.047 1
   2779.07    12.045 1
   2780.44    12.044 1
   2781.81    12.044 1
   2783.19    12.047 1
   2784.56    12.046 1
   2785.93    12.047 1
   2787.30    12.049 1
   2788.68    12.051 1
   2790.05    12.053 1
   2791.42    12.056 1
   2792.79    12.057 1
   2794.17    12.063 1
   2795.54    12.076 1
   2796.91    12.074 1
   2798.28    12.060 1
   2799.66    12.055 1
   2801.03    12.063 1
   2802.40    12.073 1
   2803.77    12.071 1
   2805.15    12.062 1
   2806.52    12.059 1
   2807.89    12.057 1
   2809.26    12.063 1
   2810.64    12.065 1
   2812.01    12.071 1
   2813.38    12.070 1
   2814.75    12.068 1
   2816.12    12.071 1
   2817.50    12.067 1
   2818.87    12.066 1
   2820.24    12.067 1
   2821.61    12.066 1
   2822.99    12.068 1
   2824.36    12.069 1
   2825.73    12.067 1
   2827.10    12.063 1
   2828.48    12.070 1
   2829.85    12.077 1
   2831.22    12.076 1
   2832.59    12.077 1
   2833.97    12.082 1
   2835.34    12.080 1
   2836.71    12.076 1
   2838.08    12.080 1
   2839.46    12.084 1
   2840.83    12.083 1
   2842.20    12.081 1
   2843.57    12.080 1
   2844.94    12.081 1
   2846.31    12.083 1
   2847.69    12.087 1
   2849.06    12.087 1
   2850.43    12.088 1
   2851.80    12.085 1
   2853.18    12.086 1
   2854.55    12.086 1
   2855.92    12.088 1
   2857.29    12.090 1
   2858.66    12.095 1
   2860.04    12.096 1
   2861.41    12.093 1
   2862.78    12.092 1
   2864.15    12.089 1
   2865.52    12.091 1
   2866.90    12.097 1
   2868.27    12.095 1
   2869.64    12.094 1
   2871.01    12.097 1
   2872.38    12.099 1
   2873.76    12.100 1
   2875.13    12.099 1
   2876.50    12.096 1
   2877.87    12.100 1
   2879.24    12.102 1
   2880.61    12.102 1
   2881.99    12.102 1
   2883.36    12.108 1
   2884.73    12.109 1
   2886.10    12.111 1
   2887.47    12.109 1
   2888.84    12.105 1
   2890.22    12.107 1
   2891.59    12.105 1
   2892.96    12.107 1
   2894.33    12.111 1
   2895.70    12.110 1
   2897.08    12.110 1
   2898.45    12.109 1
   2899.82    12.112 1
   2901.19    12.111 1
   2902.56    12.110 1
   2903.93    12.106 1
   2905.30    12.110 1
   2906.68    12.114 1
   2908.05    12.116 1
   2909.42    12.113 1
   2910.79    12.115 1
   2912.16    12.120 1
   2913.53    12.118 1
   2914.91    12.121 1
   2916.28    12.121 1
   2917.65    12.116 1
   2919.02    12.122 1
   2920.39    12.123 1
   2921.76    12.126 1
   2923.14    12.125 1
   2924.51    12.126 1
   2925.88    12.127 1
   2927.25    12.129 1
   2928.62    12.125 1
   2929.99    12.127 1
   2931.36    12.128 1
   2932.73    12.133 1
   2934.10    12.130 1
   2935.48    12.129 1
   2936.85    12.132 1
   2938.22    12.133 1
   2939.59    12.131 1
   2940.96    12.134 1
   2942.33    12.135 1
   2943.70    12.132 1
   2945.07    12.135 1
   2946.45    12.137 1
   2947.82    12.142 1
   2949.19    12.141 1
   2950.56    12.141 1
   2951.93    12.140 1
   2953.30    12.142 1
   2954.67    12.141 1
   2956.04    12.139 1
   2957.42    12.139 1
   2958.79    12.141 1
   2960.16    12.143 1
   2961.53    12.143 1
   2962.90    12.143 1
   2964.27    12.145 1
   2965.64    12.145 1
   2967.01    12.147 1
   2968.38    12.151 1
   2969.75    12.150 1
   2971.12    12.149 1
   2972.50    12.148 1
   2973.87    12.154 1
   2975.24    12.155 1
   2976.61    12.153 1
   2977.98    12.154 1
   2979.35    12.158 1
   2980.72    12.164 1
   2982.09    12.158 1
   2983.46    12.155 1
   2984.83    12.155 1
   2986.20    12.155 1
   2987.57    12.155 1
   2988.95    12.158 1
   2990.31    12.157 1
   2991.69    12.160 1
   2993.06    12.162 1
   2994.43    12.161 1
   2995.80    12.162 1
   2997.17    12.165 1
   2998.54    12.163 1
   2999.91    12.162 1
   3001.28    12.166 1
   3002.65    12.167 1
   3004.02    12.166 1
   3005.39    12.165 1
   3006.76    12.167 1
   3008.13    12.172 1
   3009.50    12.175 1
   3010.87    12.173 1
   3012.24    12.172 1
   3013.61    12.167 1
   3014.99    12.168 1
   3016.35    12.172 1
   3017.73    12.173 1
   3019.10    12.172 1
   3020.47    12.175 1
   3021.84    12.176 1
   3023.21    12.179 1
   3024.58    12.176 1
   3025.95    12.178 1
   3027.32    12.177 1
   3028.69    12.176 1
   3030.06    12.179 1
   3031.43    12.179 1
   3032.80    12.182 1
   3034.17    12.183 1
   3035.54    12.188 1
   3036.91    12.184 1
   3038.28    12.185 1
   3039.65    12.187 1
   3041.02    12.185 1
   3042.39    12.186 1
   3043.76    12.192 1
   3045.13    12.187 1
   3046.50    12.189 1
   3047.87    12.189 1
   3049.24    12.190 1
   3050.61    12.190 1
   3051.98    12.194 1
   3053.35    12.193 1
   3054.72    12.193 1
   3056.09    12.195 1
   3057.46    12.199 1
   3058.83    12.196 1
   3060.20    12.197 1
   3061.57    12.200 1
   3062.94    12.199 1
   3064.31    12.195 1
   3065.55    12.189 1
   3068.29    12.193 1
   3071.04    12.206 1
   3073.78    12.198 1
   3076.53    12.196 1
   3079.28    12.207 1
   3082.02    12.204 1
   3084.77    12.205 1
   3087.51    12.211 1
   3090.26    12.211 1
   3093.01    12.208 1
   3095.75    12.214 1
   3098.50    12.212 1
   3101.25    12.214 1
   3103.99    12.216 1
   3106.74    12.220 1
   3109.49    12.227 1
   3112.23    12.224 1
   3114.98    12.219 1
   3117.72    12.220 1
   3120.47    12.228 1
   3123.22    12.227 1
   3125.96    12.226 1
   3128.71    12.228 1
   3131.46    12.232 1
   3134.20    12.235 1
   3136.95    12.233 1
   3139.70    12.239 1
   3142.44    12.245 1
   3145.19    12.239 1
   3147.94    12.241 1
   3150.68    12.241 1
   3153.43    12.246 1
   3156.18    12.252 1
   3158.92    12.242 1
   3161.67    12.239 1
   3164.42    12.237 1
   3167.16    12.242 1
   3169.91    12.250 1
   3172.66    12.253 1
   3175.40    12.257 1
   3178.15    12.261 1
   3180.90    12.259 1
   3183.64    12.264 1
   3186.39    12.260 1
   3189.14    12.266 1
   3191.88    12.261 1
   3194.63    12.262 1
   3197.38    12.264 1
   3200.12    12.260 1
   3202.87    12.263 1
   3205.62    12.261 1
   3208.37    12.271 1
   3211.11    12.274 1
   3213.86    12.275 1
   3216.61    12.277 1
   3219.35    12.279 1
   3222.10    12.282 1
   3224.85    12.280 1
   3227.60    12.283 1
   3230.34    12.277 1
   3233.09    12.282 1
   3235.84    12.279 1
   3238.58    12.280 1
   3241.33    12.284 1
   3244.08    12.285 1
   3246.83    12.291 1
   3249.57    12.290 1
   3252.32    12.294 1
   3255.07    12.300 1
   3257.82    12.297 1
   3260.56    12.296 1
   3263.31    12.299 1
   3266.06    12.300 1
   3268.81    12.302 1
   3271.55    12.307 1
   3274.30    12.300 1
   3277.05    12.303 1
   3279.80    12.308 1
   3282.54    12.309 1
   3285.29    12.312 1
   3288.04    12.308 1
   3290.79    12.313 1
   3293.53    12.309 1
   3296.28    12.315 1
   3299.03    12.314 1
   3301.78    12.316 1
   3304.52    12.317 1
   3307.27    12.330 1
   3310.02    12.324 1
   3312.77    12.321 1
   3315.52    12.319 1
   3318.26    12.326 1
   3321.01    12.336 1
   3323.76    12.328 1
   3326.51    12.327 1
   3329.25    12.327 1
   3332.00    12.329 1
   3334.75    12.335 1
   3337.50    12.331 1
   3340.25    12.334 1
   3342.99    12.338 1
   3345.74    12.338 1
   3348.49    12.336 1
   3351.24    12.347 1
   3353.99    12.342 1
   3356.73    12.338 1
   3359.48    12.340 1
   3362.23    12.352 1
   3364.98    12.357 1
   3367.73    12.354 1
   3370.47    12.347 1
   3373.22    12.349 1
   3375.97    12.349 1
   3378.72    12.346 1
   3381.47    12.349 1
   3384.21    12.352 1
   3386.96    12.354 1
   3389.71    12.358 1
   3392.46    12.358 1
   3395.21    12.366 1
   3397.96    12.365 1
   3400.70    12.367 1
   3403.45    12.363 1
   3406.20    12.363 1
   3408.95    12.366 1
   3411.70    12.367 1
   3414.45    12.369 1
   3417.19    12.371 1
   3419.94    12.375 1
   3422.69    12.375 1
   3425.44    12.380 1
   3428.19    12.376 1
   3430.94    12.378 1
   3433.68    12.379 1
   3436.43    12.377 1
   3439.18    12.377 1
   3441.93    12.376 1
   3444.68    12.388 1
   3447.43    12.394 1
   3450.17    12.397 1
   3452.92    12.390 1
   3455.67    12.395 1
   3458.42    12.392 1
   3461.17    12.397 1
   3463.92    12.397 1
   3466.67    12.398 1
   3469.41    12.397 1
   3472.16    12.400 1
   3474.91    12.401 1
   3477.66    12.399 1
   3480.41    12.405 1
   3483.16    12.402 1
   3485.91    12.407 1
   3488.65    12.414 1
   3491.40    12.419 1
   3494.15    12.422 1
   3496.90    12.428 1
   3499.65    12.424 1
   3502.40    12.421 1
   3505.15    12.428 1
   3507.89    12.432 1
   3510.64    12.431 1
   3513.39    12.429 1
   3516.14    12.429 1
   3518.89    12.424 1
   3521.64    12.420 1
   3524.39    12.431 1
   3527.14    12.422 1
   3529.88    12.425 1
   3532.63    12.431 1
   3535.38    12.435 1
   3538.13    12.429 1
   3540.88    12.432 1
   3543.63    12.435 1
   3546.38    12.432 1
   3549.13    12.433 1
   3551.88    12.438 1
   3554.62    12.439 1
   3557.37    12.439 1
   3560.12    12.438 1
   3562.87    12.439 1
   3565.62    12.438 1
   3568.37    12.443 1
   3571.12    12.441 1
   3573.87    12.445 1
   3576.62    12.446 1
   3579.36    12.451 1
   3582.11    12.450 1
   3584.86    12.453 1
   3587.61    12.455 1
   3590.36    12.455 1
   3593.11    12.451 1
   3595.86    12.456 1
   3598.61    12.457 1
   3601.36    12.457 1
   3604.11    12.460 1
   3606.85    12.462 1
   3609.60    12.461 1
   3612.35    12.469 1
   3615.10    12.466 1
   3617.85    12.470 1
   3620.60    12.479 1
   3623.35    12.472 1
   3626.10    12.472 1
   3628.85    12.470 1
   3631.60    12.469 1
   3634.35    12.476 1
   3637.10    12.473 1
   3639.84    12.477 1
   3642.59    12.482 1
   3645.34    12.486 1
   3648.09    12.478 1
   3650.84    12.482 1
   3653.59    12.477 1
   3656.34    12.485 1
   3659.09    12.485 1
   3661.84    12.483 1
   3664.59    12.491 1
   3667.34    12.497 1
   3670.09    12.491 1
   3672.84    12.491 1
   3675.59    12.488 1
   3678.33    12.495 1
   3681.08    12.489 1
   3683.83    12.495 1
   3686.58    12.498 1
   3689.33    12.499 1
   3692.08    12.500 1
   3694.83    12.507 1
   3697.58    12.506 1
   3700.33    12.506 1
   3703.08    12.513 1
   3705.83    12.516 1
   3708.58    12.520 1
   3711.33    12.518 1
   3714.08    12.509 1
   3716.83    12.507 1
   3719.58    12.510 1
   3722.33    12.511 1
   3725.07    12.515 1
   3727.82    12.520 1
   3730.57    12.531 1
   3733.32    12.524 1
   3736.07    12.522 1
   3738.82    12.523 1
   3741.57    12.527 1
   3744.32    12.533 1
   3747.07    12.532 1
   3749.82    12.528 1
   3752.57    12.525 1
   3755.32    12.533 1
   3758.07    12.527 1
   3760.82    12.529 1
   3763.57    12.539 1
   3766.32    12.545 1
   3769.07    12.540 1
   3771.82    12.540 1
   3774.57    12.541 1
   3777.32    12.544 1
   3780.07    12.542 1
   3782.81    12.542 1
   3785.56    12.534 1
   3788.31    12.535 1
   3791.06    12.538 1
   3793.81    12.543 1
   3796.56    12.548 1
   3799.31    12.553 1
   3802.06    12.552 1
   3804.81    12.544 1
   3807.56    12.544 1
   3810.31    12.552 1
   3813.06    12.545 1
   3815.81    12.549 1
   3818.56    12.556 1
   3821.31    12.556 1
   3824.06    12.560 1
   3826.81    12.567 1
   3829.56    12.573 1
   3832.31    12.575 1
   3835.06    12.568 1
   3837.81    12.570 1
   3840.56    12.567 1
   3843.31    12.560 1
   3846.06    12.556 1
   3848.81    12.561 1
   3851.56    12.552 1
   3854.31    12.545 1
   3857.06    12.550 1
   3859.80    12.553 1
   3862.55    12.552 1
   3865.30    12.554 1
   3868.05    12.560 1
   3870.80    12.561 1
   3873.55    12.572 1
   3876.30    12.578 1
   3879.05    12.592 1
   3881.80    12.602 1
   3884.55    12.615 1
   3887.30    12.626 1
   3890.05    12.637 1
   3892.80    12.624 1
   3895.55    12.609 1
   3898.30    12.599 1
   3901.05    12.592 1
   3903.80    12.580 1
   3906.55    12.575 1
   3909.30    12.561 1
   3912.05    12.554 1
   3914.80    12.548 1
   3917.55    12.544 1
   3920.30    12.542 1
   3923.05    12.536 1
   3925.80    12.544 1
   3928.55    12.541 1
   3931.30    12.541 1
   3934.05    12.547 1
   3936.80    12.548 1
   3939.55    12.553 1
   3942.30    12.559 1
   3945.05    12.572 1
   3947.80    12.590 1
   3950.55    12.600 1
   3953.30    12.616 1
   3956.05    12.635 1
   3958.80    12.655 1
   3961.55    12.678 1
   3964.30    12.707 1
   3967.05    12.721 1
   3969.80    12.742 1
   3972.55    12.745 1
   3975.30    12.723 1
   3978.04    12.699 1
   3980.79    12.677 1
   3983.54    12.654 1
   3986.29    12.640 1
   3989.04    12.626 1
   3991.79    12.613 1
   3994.54    12.596 1
   3997.29    12.585 1
   4000.04    12.571 1
   4002.79    12.563 1
   4005.54    12.560 1
   4008.29    12.548 1
   4011.04    12.542 1
   4013.79    12.540 1
   4016.54    12.534 1
   4019.29    12.530 1
   4022.04    12.527 1
   4024.79    12.526 1
   4027.54    12.525 1
   4030.29    12.522 1
   4033.04    12.524 1
   4035.79    12.532 1
   4038.54    12.537 1
   4041.29    12.532 1
   4044.04    12.534 1
   4046.79    12.535 1
   4049.54    12.547 1
   4052.29    12.548 1
   4055.04    12.551 1
   4057.79    12.557 1
   4060.54    12.562 1
   4063.29    12.570 1
   4066.04    12.589 1
   4068.79    12.597 1
   4071.54    12.608 1
   4074.29    12.620 1
   4077.04    12.632 1
   4079.79    12.655 1
   4082.54    12.674 1
   4085.29    12.696 1
   4088.04    12.720 1
   4090.79    12.748 1
   4093.54    12.784 1
   4096.29    12.821 1
   4099.04    12.863 1
   4101.79    12.887 1
   4104.54    12.883 1
   4107.29    12.855 1
   4110.04    12.823 1
   4112.79    12.792 1
   4115.54    12.758 1
   4118.29    12.727 1
   4121.04    12.701 1
   4123.79    12.680 1
   4126.53    12.662 1
   4129.28    12.653 1
   4132.03    12.633 1
   4134.78    12.616 1
   4137.53    12.607 1
   4140.28    12.603 1
   4143.03    12.602 1
   4145.78    12.593 1
   4148.53    12.586 1
   4151.28    12.579 1
   4154.03    12.576 1
   4156.78    12.576 1
   4159.53    12.576 1
   4162.28    12.571 1
   4165.03    12.562 1
   4167.78    12.563 1
   4170.53    12.558 1
   4173.28    12.557 1
   4176.03    12.556 1
   4178.78    12.562 1
   4181.53    12.563 1
   4184.28    12.558 1
   4187.03    12.554 1
   4189.78    12.556 1
   4192.53    12.559 1
   4195.28    12.560 1
   4198.03    12.562 1
   4200.78    12.562 1
   4203.53    12.558 1
   4206.27    12.560 1
   4209.02    12.564 1
   4211.77    12.563 1
   4214.52    12.565 1
   4217.27    12.566 1
   4220.02    12.569 1
   4222.77    12.573 1
   4225.52    12.571 1
   4228.27    12.570 1
   4231.02    12.571 1
   4233.77    12.575 1
   4236.52    12.580 1
   4239.27    12.578 1
   4242.02    12.574 1
   4244.77    12.574 1
   4247.52    12.581 1
   4250.27    12.589 1
   4253.02    12.594 1
   4255.77    12.596 1
   4258.52    12.596 1
   4261.27    12.589 1
   4264.02    12.590 1
   4266.77    12.595 1
   4269.52    12.595 1
   4272.27    12.600 1
   4275.02    12.608 1
   4277.77    12.610 1
   4280.51    12.615 1
   4283.26    12.619 1
   4286.01    12.628 1
   4288.76    12.634 1
   4291.51    12.636 1
   4294.26    12.642 1
   4297.01    12.652 1
   4299.76    12.660 1
   4302.51    12.666 1
   4305.26    12.680 1
   4308.01    12.694 1
   4310.76    12.707 1
   4313.51    12.726 1
   4316.26    12.740 1
   4319.01    12.760 1
   4321.76    12.786 1
   4324.50    12.807 1
   4327.25    12.840 1
   4330.00    12.883 1
   4332.75    12.921 1
   4335.50    12.962 1
   4338.25    13.011 1
   4341.00    13.051 1
   4343.75    13.032 1
   4346.50    12.992 1
   4349.25    12.945 1
   4352.00    12.906 1
   4354.75    12.871 1
   4357.50    12.838 1
   4360.25    12.817 1
   4363.00    12.792 1
   4365.75    12.766 1
   4368.49    12.751 1
   4371.24    12.744 1
   4373.99    12.729 1
   4376.74    12.722 1
   4379.49    12.710 1
   4382.24    12.705 1
   4384.99    12.696 1
   4387.74    12.689 1
   4390.49    12.674 1
   4393.24    12.679 1
   4395.99    12.675 1
   4398.74    12.674 1
   4401.48    12.666 1
   4404.23    12.667 1
   4406.98    12.659 1
   4409.73    12.661 1
   4412.48    12.657 1
   4415.23    12.650 1
   4417.98    12.655 1
   4420.73    12.658 1
   4423.48    12.658 1
   4426.23    12.655 1
   4428.98    12.651 1
   4431.73    12.658 1
   4434.47    12.656 1
   4437.22    12.665 1
   4439.97    12.663 1
   4442.72    12.657 1
   4445.47    12.654 1
   4448.22    12.649 1
   4450.97    12.652 1
   4453.72    12.653 1
   4456.47    12.659 1
   4459.21    12.660 1
   4461.96    12.659 1
   4464.71    12.661 1
   4467.46    12.663 1
   4470.21    12.668 1
   4472.96    12.663 1
   4475.71    12.663 1
   4478.46    12.666 1
   4481.21    12.671 1
   4483.96    12.671 1
   4486.70    12.673 1
   4489.45    12.668 1
   4492.20    12.665 1
   4494.95    12.666 1
   4497.70    12.672 1
   4500.45    12.672 1
   4503.20    12.675 1
   4505.95    12.677 1
   4508.69    12.682 1
   4511.44    12.679 1
   4514.19    12.681 1
   4516.94    12.673 1
   4519.69    12.672 1
   4522.44    12.670 1
   4525.19    12.678 1
   4527.94    12.677 1
   4530.68    12.684 1
   4533.43    12.682 1
   4536.18    12.684 1
   4538.93    12.683 1
   4541.68    12.684 1
   4544.43    12.690 1
   4547.18    12.697 1
   4549.92    12.697 1
   4552.67    12.695 1
   4555.42    12.696 1
   4558.17    12.689 1
   4560.92    12.698 1
   4563.67    12.696 1
   4566.42    12.695 1
   4569.16    12.701 1
   4571.91    12.698 1
   4574.66    12.699 1
   4577.41    12.701 1
   4580.16    12.701 1
   4582.91    12.702 1
   4585.65    12.706 1
   4588.40    12.705 1
   4591.15    12.705 1
   4593.90    12.710 1
   4596.65    12.707 1
   4599.40    12.708 1
   4602.15    12.712 1
   4604.89    12.713 1
   4607.64    12.714 1
   4610.39    12.724 1
   4613.14    12.728 1
   4615.89    12.725 1
   4618.63    12.718 1
   4621.38    12.712 1
   4624.13    12.719 1
   4626.88    12.720 1
   4629.63    12.723 1
   4632.38    12.726 1
   4635.12    12.722 1
   4637.87    12.724 1
   4640.62    12.723 1
   4643.37    12.723 1
   4646.12    12.729 1
   4648.86    12.730 1
   4651.61    12.727 1
   4654.36    12.736 1
   4657.11    12.736 1
   4659.86    12.742 1
   4662.60    12.744 1
   4665.35    12.740 1
   4668.10    12.748 1
   4670.85    12.742 1
   4673.60    12.748 1
   4676.34    12.743 1
   4679.09    12.747 1
   4681.84    12.750 1
   4684.59    12.744 1
   4687.33    12.744 1
   4690.08    12.746 1
   4692.83    12.754 1
   4695.58    12.757 1
   4698.33    12.755 1
   4701.08    12.751 1
   4703.82    12.756 1
   4706.57    12.760 1
   4709.32    12.766 1
   4712.06    12.759 1
   4714.81    12.756 1
   4717.56    12.759 1
   4720.31    12.768 1
   4723.06    12.771 1
   4725.80    12.771 1
   4728.55    12.769 1
   4731.30    12.770 1
   4734.05    12.771 1
   4736.79    12.769 1
   4739.54    12.770 1
   4742.29    12.775 1
   4745.04    12.778 1
   4747.78    12.779 1
   4750.53    12.777 1
   4753.28    12.780 1
   4756.03    12.784 1
   4758.77    12.789 1
   4761.52    12.790 1
   4764.27    12.785 1
   4767.02    12.793 1
   4769.76    12.792 1
   4772.51    12.797 1
   4775.26    12.813 1
   4778.01    12.810 1
   4780.75    12.806 1
   4783.50    12.812 1
   4786.25    12.811 1
   4789.00    12.810 1
   4791.74    12.818 1
   4794.49    12.819 1
   4797.24    12.830 1
   4799.98    12.835 1
   4802.73    12.833 1
   4805.48    12.846 1
   4808.23    12.849 1
   4810.97    12.851 1
   4813.72    12.856 1
   4816.47    12.860 1
   4819.21    12.864 1
   4821.96    12.872 1
   4824.71    12.880 1
   4827.45    12.893 1
   4830.20    12.903 1
   4832.95    12.914 1
   4835.69    12.932 1
   4838.44    12.949 1
   4841.19    12.969 1
   4843.94    12.994 1
   4846.68    13.014 1
   4849.43    13.046 1
   4852.18    13.088 1
   4854.92    13.128 1
   4857.67    13.172 1
   4860.42    13.213 1
   4863.16    13.232 1
   4865.91    13.199 1
   4868.66    13.161 1
   4871.40    13.120 1
   4874.15    13.088 1
   4876.90    13.053 1
   4879.64    13.028 1
   4882.39    13.001 1
   4885.14    12.984 1
   4887.88    12.967 1
   4890.63    12.949 1
   4893.38    12.936 1
   4896.12    12.926 1
   4898.87    12.919 1
   4901.62    12.909 1
   4904.36    12.899 1
   4907.11    12.896 1
   4909.85    12.891 1
   4912.60    12.889 1
   4915.35    12.884 1
   4918.09    12.880 1
   4920.84    12.872 1
   4923.58    12.875 1
   4926.33    12.876 1
   4929.08    12.868 1
   4931.82    12.874 1
   4934.57    12.875 1
   4937.32    12.869 1
   4940.06    12.865 1
   4942.81    12.865 1
   4945.56    12.864 1
   4948.30    12.862 1
   4951.05    12.864 1
   4953.79    12.862 1
   4956.54    12.861 1
   4959.29    12.866 1
   4962.03    12.869 1
   4964.78    12.867 1
   4967.52    12.864 1
   4970.27    12.863 1
   4973.02    12.860 1
   4975.76    12.867 1
   4978.51    12.868 1
   4981.25    12.871 1
   4984.00    12.869 1
   4986.74    12.869 1
   4989.49    12.869 1
   4992.23    12.870 1
   4994.98    12.874 1
   4997.73    12.873 1
   5000.47    12.866 1
   5003.22    12.869 1
   5005.96    12.871 1
   5008.71    12.873 1
   5011.46    12.874 1
   5014.20    12.879 1
   5016.95    12.879 1
   5019.69    12.872 1
   5022.44    12.873 1
   5025.18    12.882 1
   5027.93    12.881 1
   5030.67    12.882 1
   5033.42    12.879 1
   5036.16    12.877 1
   5038.91    12.882 1
   5041.65    12.882 1
   5044.40    12.889 1
   5047.15    12.895 1
   5049.89    12.888 1
   5052.63    12.885 1
   5055.38    12.890 1
   5058.12    12.895 1
   5060.87    12.892 1
   5063.62    12.895 1
   5066.36    12.894 1
   5069.11    12.893 1
   5071.85    12.888 1
   5074.60    12.894 1
   5077.34    12.893 1
   5080.08    12.892 1
   5082.83    12.903 1
   5085.58    12.907 1
   5088.32    12.907 1
   5091.06    12.907 1
   5093.81    12.898 1
   5096.56    12.900 1
   5099.30    12.904 1
   5102.04    12.913 1
   5104.79    12.914 1
   5107.53    12.908 1
   5110.28    12.903 1
   5113.02    12.902 1
   5115.77    12.912 1
   5118.51    12.912 1
   5121.26    12.916 1
   5124.00    12.911 1
   5126.75    12.909 1
   5129.49    12.911 1
   5132.23    12.916 1
   5134.98    12.915 1
   5137.72    12.915 1
   5140.47    12.917 1
   5143.21    12.921 1
   5145.96    12.922 1
   5148.70    12.926 1
   5151.44    12.920 1
   5154.19    12.918 1
   5156.93    12.926 1
   5159.68    12.925 1
   5162.42    12.926 1
   5165.17    12.938 1
   5167.91    12.939 1
   5170.65    12.931 1
   5173.40    12.928 1
   5176.14    12.929 1
   5178.89    12.927 1
   5181.63    12.932 1
   5184.38    12.940 1
   5187.12    12.941 1
   5189.86    12.940 1
   5192.61    12.937 1
   5195.35    12.943 1
   5198.09    12.934 1
   5200.84    12.941 1
   5203.58    12.940 1
   5206.33    12.939 1
   5209.07    12.942 1
   5211.81    12.945 1
   5214.56    12.942 1
   5217.30    12.941 1
   5220.04    12.950 1
   5222.79    12.958 1
   5225.53    12.949 1
   5228.27    12.952 1
   5231.02    12.959 1
   5233.76    12.955 1
   5236.50    12.947 1
   5239.25    12.953 1
   5241.99    12.963 1
   5244.73    12.961 1
   5247.48    12.958 1
   5250.22    12.957 1
   5252.96    12.962 1
   5255.71    12.964 1
   5258.45    12.965 1
   5261.19    12.965 1
   5263.94    12.966 1
   5266.68    12.966 1
   5269.42    12.964 1
   5272.17    12.963 1
   5274.91    12.966 1
   5277.65    12.973 1
   5280.40    12.975 1
   5283.14    12.979 1
   5285.88    12.972 1
   5288.62    12.970 1
   5291.37    12.971 1
   5294.11    12.973 1
   5296.85    12.986 1
   5299.60    12.978 1
   5302.34    12.971 1
   5305.08    12.974 1
   5307.82    12.979 1
   5310.57    12.986 1
   5313.31    12.978 1
   5316.05    12.981 1
   5318.79    12.983 1
   5321.54    12.990 1
   5324.28    12.988 1
   5327.02    12.991 1
   5329.76    12.990 1
   5332.51    12.992 1
   5335.25    12.997 1
   5337.99    12.990 1
   5340.73    12.985 1
   5343.48    12.986 1
   5346.22    12.987 1
   5348.96    12.994 1
   5351.70    13.004 1
   5354.44    12.991 1
   5357.19    12.994 1
   5359.93    12.996 1
   5362.67    13.001 1
   5365.41    13.002 1
   5368.15    12.994 1
   5370.90    12.999 1
   5373.64    12.996 1
   5376.38    13.005 1
   5379.12    13.008 1
   5381.86    13.006 1
   5384.60    13.005 1
   5387.35    13.007 1
   5390.09    13.010 1
   5392.83    13.011 1
   5395.57    13.007 1
   5398.31    13.004 1
   5401.06    13.010 1
   5403.80    13.013 1
   5406.54    13.014 1
   5409.28    13.017 1
   5412.02    13.019 1
   5414.76    13.018 1
   5417.50    13.015 1
   5420.25    13.017 1
   5422.99    13.026 1
   5425.73    13.022 1
   5428.47    13.028 1
   5431.21    13.027 1
   5433.95    13.018 1
   5436.69    13.026 1
   5439.44    13.025 1
   5442.18    13.028 1
   5444.92    13.022 1
   5447.66    13.022 1
   5453.46    13.033 1
   5458.33    13.034 1
   5463.20    13.038 1
   5468.07    13.036 1
   5472.94    13.035 1
   5477.81    13.038 1
   5482.68    13.040 1
   5487.55    13.037 1
   5492.42    13.042 1
   5497.30    13.042 1
   5502.17    13.046 1
   5507.04    13.047 1
   5511.91    13.049 1
   5516.78    13.049 1
   5521.65    13.052 1
   5526.52    13.054 1
   5531.40    13.053 1
   5536.27    13.054 1
   5541.14    13.057 1
   5546.01    13.061 1
   5550.88    13.065 1
   5555.75    13.062 1
   5560.62    13.064 1
   5565.50    13.067 1
   5570.37    13.071 1
   5575.24    13.074 1
   5580.11    13.074 1
   5584.98    13.078 1
   5589.85    13.076 1
   5594.73    13.077 1
   5599.60    13.083 1
   5604.47    13.084 1
   5609.34    13.087 1
   5614.22    13.087 1
   5619.09    13.085 1
   5623.96    13.088 1
   5628.83    13.089 1
   5633.71    13.085 1
   5638.58    13.094 1
   5643.45    13.099 1
   5648.32    13.095 1
   5653.20    13.098 1
   5658.07    13.099 1
   5662.94    13.101 1
   5667.81    13.103 1
   5672.69    13.103 1
   5677.56    13.106 1
   5682.43    13.106 1
   5687.31    13.105 1
   5692.18    13.110 1
   5697.05    13.117 1
   5701.93    13.116 1
   5706.80    13.114 1
   5711.67    13.117 1
   5716.55    13.120 1
   5721.42    13.121 1
   5726.29    13.123 1
   5731.17    13.125 1
   5736.04    13.123 1
   5740.92    13.124 1
   5745.79    13.125 1
   5750.66    13.127 1
   5755.54    13.130 1
   5760.41    13.137 1
   5765.28    13.136 1
   5770.16    13.142 1
   5775.03    13.139 1
   5779.90    13.141 1
   5784.78    13.139 1
   5789.65    13.142 1
   5794.53    13.145 1
   5799.40    13.145 1
   5804.28    13.146 1
   5809.15    13.149 1
   5814.02    13.151 1
   5818.90    13.154 1
   5823.77    13.151 1
   5828.65    13.155 1
   5833.52    13.157 1
   5838.40    13.161 1
   5843.27    13.165 1
   5848.15    13.164 1
   5853.02    13.164 1
   5857.90    13.165 1
   5862.77    13.165 1
   5867.65    13.167 1
   5872.52    13.171 1
   5877.40    13.168 1
   5882.27    13.173 1
   5887.15    13.175 1
   5892.02    13.174 1
   5896.90    13.180 1
   5901.77    13.181 1
   5906.65    13.184 1
   5911.52    13.186 1
   5916.40    13.184 1
   5921.27    13.185 1
   5926.15    13.185 1
   5931.02    13.188 1
   5935.90    13.194 1
   5940.77    13.197 1
   5945.65    13.195 1
   5950.52    13.196 1
   5955.40    13.196 1
   5960.28    13.199 1
   5965.15    13.201 1
   5970.03    13.202 1
   5974.90    13.201 1
   5979.78    13.206 1
   5984.66    13.209 1
   5989.53    13.211 1
   5994.41    13.217 1
   5999.28    13.210 1
   6004.16    13.214 1
   6009.04    13.215 1
   6013.91    13.219 1
   6018.79    13.221 1
   6023.67    13.217 1
   6028.54    13.219 1
   6033.42    13.226 1
   6038.29    13.227 1
   6043.17    13.224 1
   6048.05    13.226 1
   6052.92    13.227 1
   6057.80    13.231 1
   6062.68    13.228 1
   6067.55    13.233 1
   6072.43    13.235 1
   6077.31    13.237 1
   6082.18    13.237 1
   6087.06    13.239 1
   6091.94    13.242 1
   6096.81    13.246 1
   6101.69    13.246 1
   6106.57    13.245 1
   6111.45    13.245 1
   6116.32    13.250 1
   6121.20    13.251 1
   6126.08    13.252 1
   6130.96    13.252 1
   6135.83    13.251 1
   6140.71    13.255 1
   6145.59    13.255 1
   6150.46    13.258 1
   6155.34    13.260 1
   6160.22    13.261 1
   6165.10    13.261 1
   6169.97    13.266 1
   6174.85    13.270 1
   6179.73    13.272 1
   6184.61    13.275 1
   6189.48    13.273 1
   6194.36    13.273 1
   6199.24    13.273 1
   6204.12    13.274 1
   6209.00    13.280 1
   6213.87    13.279 1
   6218.75    13.282 1
   6223.63    13.282 1
   6228.51    13.281 1
   6233.38    13.284 1
   6238.26    13.287 1
   6243.14    13.287 1
   6248.02    13.290 1
   6252.90    13.293 1
   6257.77    13.293 1
   6262.65    13.295 1
   6267.53    13.298 1
   6272.41    13.302 1
   6277.29    13.297 1
   6282.17    13.294 1
   6287.05    13.299 1
   6291.92    13.304 1
   6296.80    13.305 1
   6301.68    13.302 1
   6306.56    13.300 1
   6311.44    13.303 1
   6316.32    13.314 1
   6321.20    13.319 1
   6326.08    13.329 1
   6330.95    13.334 1
   6335.83    13.333 1
   6340.71    13.333 1
   6345.59    13.331 1
   6350.47    13.331 1
   6355.35    13.327 1
   6360.23    13.330 1
   6365.10    13.328 1
   6369.98    13.329 1
   6374.86    13.332 1
   6379.74    13.333 1
   6384.62    13.337 1
   6389.50    13.340 1
   6394.38    13.341 1
   6399.26    13.340 1
   6404.14    13.341 1
   6409.02    13.346 1
   6413.90    13.348 1
   6418.78    13.349 1
   6423.66    13.349 1
   6428.54    13.350 1
   6433.42    13.353 1
   6438.29    13.359 1
   6443.17    13.359 1
   6448.05    13.357 1
   6452.93    13.357 1
   6457.81    13.362 1
   6462.69    13.364 1
   6467.57    13.371 1
   6472.45    13.374 1
   6477.33    13.373 1
   6482.21    13.378 1
   6487.09    13.385 1
   6491.97    13.387 1
   6496.85    13.383 1
   6501.73    13.391 1
   6506.61    13.398 1
   6511.49    13.406 1
   6516.37    13.418 1
   6521.25    13.430 1
   6526.13    13.441 1
   6531.01    13.458 1
   6535.89    13.474 1
   6540.77    13.491 1
   6545.65    13.523 1
   6550.53    13.557 1
   6555.41    13.600 1
   6560.29    13.642 1
   6565.17    13.664 1
   6570.05    13.635 1
   6574.94    13.600 1
   6579.81    13.561 1
   6584.69    13.529 1
   6589.58    13.509 1
   6594.46    13.485 1
   6599.34    13.465 1
   6604.22    13.456 1
   6609.10    13.447 1
   6613.98    13.446 1
   6618.86    13.437 1
   6623.74    13.432 1
   6628.62    13.433 1
   6633.50    13.432 1
   6638.38    13.430 1
   6643.26    13.430 1
   6648.14    13.431 1
   6653.02    13.430 1
   6657.91    13.429 1
   6662.79    13.428 1
   6667.67    13.428 1
   6672.55    13.425 1
   6677.43    13.429 1
   6682.31    13.428 1
   6687.19    13.430 1
   6692.07    13.430 1
   6696.95    13.430 1
   6701.83    13.433 1
   6706.72    13.433 1
   6711.60    13.435 1
   6716.48    13.436 1
   6721.36    13.433 1
   6726.24    13.436 1
   6731.12    13.441 1
   6736.00    13.441 1
   6740.89    13.445 1
   6745.77    13.444 1
   6750.65    13.440 1
   6755.53    13.443 1
   6760.41    13.448 1
   6765.29    13.450 1
   6770.17    13.449 1
   6775.06    13.450 1
   6779.94    13.451 1
   6784.82    13.454 1
   6789.70    13.452 1
   6794.58    13.456 1
   6799.46    13.462 1
   6804.35    13.463 1
   6809.23    13.459 1
   6814.11    13.459 1
   6818.99    13.463 1
   6823.87    13.464 1
   6828.75    13.466 1
   6833.64    13.466 1
   6838.52    13.470 1
   6843.40    13.469 1
   6848.28    13.473 1
   6853.16    13.472 1
   6858.05    13.474 1
   6862.93    13.480 1
   6867.81    13.482 1
   6872.69    13.481 1
   6877.57    13.480 1
   6882.46    13.481 1
   6887.34    13.479 1
   6892.22    13.482 1
   6897.10    13.481 1
   6901.98    13.483 1
   6906.87    13.486 1
   6911.75    13.486 1
   6916.63    13.489 1
   6921.51    13.489 1
   6926.40    13.491 1
   6931.28    13.493 1
   6936.16    13.494 1
   6941.04    13.493 1
   6945.92    13.497 1
   6950.81    13.502 1
   6955.69    13.501 1
   6960.57    13.503 1
   6965.46    13.503 1
   6970.34    13.502 1
   6975.22    13.498 1
   6980.10    13.502 1
   6984.98    13.504 1
   6989.87    13.507 1
   6994.75    13.510 1
   6999.63    13.512 1
   7004.52    13.512 1
   7009.40    13.519 1
   7014.28    13.522 1
   7019.16    13.522 1
   7024.04    13.522 1
   7028.93    13.523 1
   7033.81    13.522 1
   7038.69    13.524 1
   7043.58    13.523 1
   7048.46    13.522 1
   7053.34    13.522 1
   7058.23    13.529 1
   7063.11    13.527 1
   7067.99    13.530 1
   7072.87    13.530 1
   7077.76    13.532 1
   7082.64    13.537 1
   7087.52    13.538 1
   7092.40    13.539 1
   7097.29    13.540 1
   7102.17    13.542 1
   7107.05    13.537 1
   7111.94    13.543 1
   7116.82    13.542 1
   7121.70    13.545 1
   7126.59    13.547 1
   7131.47    13.550 1
   7136.35    13.549 1
   7141.23    13.552 1
   7146.12    13.551 1
   7151.00    13.551 1
   7155.88    13.553 1
   7160.77    13.554 1
   7165.65    13.556 1
   7170.54    13.555 1
   7175.42    13.561 1
   7180.30    13.561 1
   7185.19    13.565 1
   7190.07    13.564 1
   7194.95    13.564 1
   7199.83    13.569 1
   7204.72    13.571 1
   7209.60    13.569 1
   7214.48    13.570 1
   7219.37    13.568 1
   7224.25    13.572 1
   7229.13    13.579 1
   7234.02    13.578 1
   7238.90    13.578 1
   7243.79    13.578 1
   7248.67    13.572 1
   7253.55    13.580 1
   7258.44    13.589 1
   7263.32    13.587 1
   7268.20    13.583 1
   7273.09    13.588 1
   7277.97    13.588 1
   7282.85    13.586 1
   7287.74    13.591 1
   7292.62    13.594 1
   7297.50    13.598 1
   7302.39    13.594 1
   7307.27    13.597 1
   7312.15    13.600 1
   7317.04    13.600 1
   7321.92    13.602 1
   7326.81    13.599 1
   7331.69    13.601 1
   7336.57    13.602 1
   7341.46    13.607 1
   7346.34    13.608 1
   7351.22    13.605 1
   7356.11    13.610 1
   7360.99    13.610 1
   7365.88    13.613 1
   7370.76    13.613 1
   7375.64    13.611 1
   7380.53    13.611 1
   7385.41    13.615 1
   7390.29    13.615 1
   7395.18    13.619 1
   7400.06    13.626 1
   7404.95    13.624 1
   7409.83    13.623 1
   7414.71    13.628 1
   7419.60    13.629 1
   7424.48    13.629 1
   7429.37    13.627 1
   7434.25    13.628 1
   7439.13    13.630 1
   7444.02    13.634 1
   7448.90    13.638 1
   7453.79    13.637 1
   7458.67    13.635 1
   7463.55    13.636 1
   7468.44    13.630 1
   7473.32    13.637 1
   7478.21    13.644 1
   7483.09    13.645 1
   7487.97    13.646 1
   7492.86    13.650 1
   7497.74    13.654 1
   7502.62    13.653 1
   7507.51    13.652 1
   7512.39    13.649 1
   7517.28    13.648 1
   7522.16    13.650 1
   7527.04    13.655 1
   7531.93    13.659 1
   7536.81    13.662 1
   7541.70    13.660 1
   7546.58    13.657 1
   7551.47    13.658 1
   7556.35    13.662 1
   7561.23    13.664 1
   7566.12    13.662 1
   7571.00    13.669 1
   7575.89    13.670 1
   7580.77    13.670 1
   7585.65    13.671 1
   7590.54    13.674 1
   7595.42    13.674 1
   7600.31    13.675 1
   7605.19    13.675 1
   7610.08    13.674 1
   7614.96    13.679 1
   7619.85    13.683 1
   7624.73    13.682 1
   7629.61    13.681 1
   7634.50    13.686 1
   7639.38    13.689 1
   7644.27    13.692 1
   7649.15    13.681 1
   7654.03    13.682 1
   7658.92    13.688 1
   7663.80    13.691 1
   7668.69    13.694 1
   7673.57    13.694 1
   7678.46    13.691 1
   7683.34    13.692 1
   7688.22    13.693 1
   7693.11    13.699 1
   7697.99    13.698 1
   7702.88    13.700 1
   7707.76    13.704 1
   7712.65    13.702 1
   7717.53    13.702 1
   7722.42    13.704 1
   7727.30    13.706 1
   7732.18    13.703 1
   7737.07    13.707 1
   7741.95    13.712 1
   7746.84    13.711 1
   7751.72    13.713 1
   7756.60    13.715 1
   7761.49    13.713 1
   7766.37    13.718 1
   7771.26    13.712 1
   7776.14    13.716 1
   7781.03    13.718 1
   7785.91    13.717 1
   7790.79    13.725 1
   7795.68    13.724 1
   7800.56    13.723 1
   7805.45    13.727 1
   7810.33    13.724 1
   7815.22    13.728 1
   7820.10    13.728 1
   7824.98    13.734 1
   7829.87    13.729 1
   7834.75    13.731 1
   7839.64    13.732 1
   7844.52    13.734 1
   7849.41    13.740 1
   7854.29    13.739 1
   7859.18    13.742 1
   7864.06    13.739 1
   7868.94    13.743 1
   7873.83    13.740 1
   7878.71    13.741 1
   7883.60    13.751 1
   7888.48    13.753 1
   7893.37    13.743 1
   7898.25    13.746 1
   7903.13    13.748 1
   7908.02    13.754 1
   7912.90    13.754 1
   7917.79    13.759 1
   7922.67    13.759 1
   7927.56    13.762 1
   7932.44    13.764 1
   7937.33    13.764 1
   7942.21    13.758 1
   7947.09    13.760 1
   7951.98    13.767 1
   7956.86    13.765 1
   7961.75    13.761 1
   7966.63    13.768 1
   7971.52    13.774 1
   7976.40    13.774 1
   7981.29    13.767 1
   7986.17    13.766 1
   7991.05    13.774 1
   7995.94    13.785 1
   8000.82    13.783 1
   8005.71    13.783 1
   8010.59    13.777 1
   8015.48    13.776 1
   8020.36    13.773 1
   8025.24    13.777 1
   8030.13    13.775 1
   8035.01    13.785 1
   8039.90    13.785 1
   8044.78    13.789 1
   8049.67    13.795 1
   8054.55    13.795 1
   8059.43    13.794 1
   8064.32    13.792 1
   8069.20    13.791 1
   8074.09    13.793 1
   8078.97    13.798 1
   8083.85    13.803 1
   8088.74    13.800 1
   8093.62    13.797 1
   8098.51    13.800 1
   8103.39    13.803 1
   8108.27    13.806 1
   8113.16    13.806 1
   8118.04    13.807 1
   8122.93    13.810 1
   8127.81    13.811 1
   8132.70    13.812 1
   8137.58    13.810 1
   8142.46    13.813 1
   8147.35    13.812 1
   8152.23    13.812 1
   8157.12    13.809 1
   8162.00    13.810 1
   8166.88    13.810 1
   8171.77    13.813 1
   8176.65    13.819 1
   8181.54    13.828 1
   8186.42    13.828 1
   8191.31    13.827 1
   8196.19    13.829 1
   8201.07    13.828 1
   8205.96    13.828 1
   8210.84    13.826 1
   8215.73    13.825 1
   8220.61    13.829 1
   8225.49    13.832 1
   8230.38    13.840 1
   8235.26    13.843 1
   8240.15    13.839 1
   8245.03    13.836 1
   8249.91    13.839 1
   8254.80    13.837 1
   8259.68    13.841 1
   8264.57    13.843 1
   8269.45    13.846 1
   8274.33    13.845 1
   8279.22    13.842 1
   8284.10    13.845 1
   8288.99    13.848 1
   8293.87    13.850 1
   8298.75    13.855 1
   8303.64    13.860 1
   8308.52    13.857 1
   8313.41    13.854 1
   8318.29    13.853 1
   8323.17    13.849 1
   8328.06    13.856 1
   8332.94    13.855 1
   8337.82    13.857 1
   8342.71    13.865 1
   8347.59    13.862 1
   8352.48    13.873 1
   8357.36    13.873 1
   8362.24    13.864 1
   8367.13    13.863 1
   8372.01    13.865 1
   8376.89    13.867 1
   8381.78    13.869 1
   8386.66    13.868 1
   8391.55    13.872 1
   8396.43    13.880 1
   8401.31    13.884 1
   8406.20    13.886 1
   8411.08    13.879 1
   8415.96    13.886 1
   8420.85    13.880 1
   8425.73    13.883 1
   8430.61    13.891 1
   8435.50    13.881 1
   8440.38    13.884 1
   8445.26    13.890 1
   8450.15    13.909 1
   8455.03    13.902 1
   8459.92    13.897 1
   8464.80    13.887 1
   8469.68    13.883 1
   8474.57    13.887 1
   8479.45    13.891 1
   8484.33    13.893 1
   8489.22    13.895 1
   8494.10    13.887 1
   8498.98    13.896 1
   8503.87    13.903 1
   8508.75    13.907 1
   8513.63    13.908 1
   8518.52    13.908 1
   8523.40    13.913 1
   8528.28    13.908 1
   8533.17    13.910 1
   8538.05    13.910 1
   8542.93    13.914 1
   8547.82    13.910 1
   8552.70    13.915 1
   8557.58    13.917 1
   8562.47    13.913 1
   8567.35    13.907 1
   8572.23    13.909 1
   8577.11    13.911 1
   8582.00    13.917 1
   8586.88    13.919 1
   8591.76    13.934 1
   8596.65    13.945 1
   8601.53    13.938 1
   8606.41    13.931 1
   8611.30    13.928 1
   8616.18    13.934 1
   8621.06    13.923 1
   8625.95    13.928 1
   8630.83    13.926 1
   8635.71    13.931 1
   8640.59    13.932 1
   8645.48    13.934 1
   8650.36    13.944 1
   8655.24    13.947 1
   8660.12    13.945 1
   8665.01    13.953 1
   8669.89    13.946 1
   8674.77    13.940 1
   8679.66    13.943 1
   8684.54    13.939 1
   8689.42    13.947 1
   8694.30    13.942 1
   8699.19    13.942 1
   8704.07    13.940 1
   8708.95    13.941 1
   8713.83    13.951 1
   8718.72    13.949 1
   8723.60    13.949 1
   8728.48    13.957 1
   8733.37    13.957 1
   8738.25    13.950 1
   8743.13    13.957 1
   8748.01    13.954 1
   8752.89    13.951 1
   8757.78    13.953 1
   8762.66    13.956 1
   8767.54    13.957 1
   8772.42    13.959 1
   8777.31    13.964 1
   8782.19    13.967 1
   8787.07    13.974 1
   8791.95    13.971 1
   8796.84    13.977 1
   8801.72    13.971 1
   8806.60    13.965 1
   8811.48    13.964 1
   8816.36    13.971 1
   8821.25    13.975 1
   8826.13    13.983 1
   8831.01    13.981 1
   8835.89    13.979 1
   8840.78    13.974 1
   8845.66    13.968 1
   8850.54    13.974 1
   8855.42    13.976 1
   8860.30    13.976 1
   8865.18    13.989 1
   8870.07    13.983 1
   8874.95    13.986 1
   8879.83    13.995 1
   8884.71    13.985 1
   8889.59    13.984 1
   8894.48    13.990 1
   8899.36    13.993 1
   8904.24    13.993 1
   8909.12    13.991 1
   8914.00    13.991 1
   8918.88    13.987 1
   8923.77    13.990 1
   8928.65    13.995 1
   8933.53    14.002 1
   8938.41    14.005 1
   8943.29    14.007 1
   8948.17    14.002 1
   8953.06    14.004 1
   8957.94    14.002 1
   8962.82    14.009 1
   8967.70    14.003 1
   8972.58    14.016 1
   8977.46    14.015 1
   8982.34    14.012 1
   8987.22    14.012 1
   8992.11    14.009 1
   8996.99    14.008 1
   9001.87    14.017 1
   9006.75    14.024 1
   9011.63    14.020 1
   9016.51    14.010 1
   9021.39    14.020 1
   9026.27    14.015 1
   9031.16    14.011 1
   9036.04    14.018 1
   9040.92    14.026 1
   9045.80    14.028 1
   9050.68    14.032 1
   9055.56    14.028 1
   9060.44    14.025 1
   9065.32    14.017 1
   9070.20    14.017 1
   9075.08    14.016 1
   9079.96    14.029 1
   9084.84    14.025 1
   9089.73    14.032 1
   9094.61    14.031 1
   9099.49    14.034 1
   9104.37    14.037 1
   9109.25    14.036 1
   9114.13    14.037 1
   9119.01    14.041 1
   9123.89    14.042 1
   9128.77    14.041 1
   9133.65    14.046 1
   9138.53    14.045 1
   9143.41    14.038 1
   9148.29    14.038 1
   9153.17    14.040 1
   9158.05    14.053 1
   9162.93    14.055 1
   9167.81    14.060 1
   9172.69    14.063 1
   9177.57    14.060 1
   9182.45    14.058 1
   9187.33    14.054 1
   9192.21    14.050 1
   9197.09    14.051 1
   9201.97    14.058 1
   9206.85    14.063 1
   9211.73    14.072 1
   9216.61    14.078 1
   9221.49    14.081 1
   9226.37    14.078 1
   9231.25    14.069 1
   9236.13    14.065 1
   9241.01    14.073 1
   9245.89    14.076 1
   9250.77    14.079 1
   9255.65    14.070 1
   9260.53    14.073 1
   9265.41    14.072 1
   9270.29    14.068 1
   9275.17    14.077 1
   9280.05    14.084 1
   9284.93    14.081 1
   9289.81    14.091 1
   9294.69    14.080 1
   9299.57    14.057 1
   9304.45    14.068 1
   9309.33    14.073 1
   9314.21    14.077 1
   9319.08    14.086 1
   9323.96    14.083 1
   9328.84    14.086 1
   9333.72    14.082 1
   9338.60    14.076 1
   9343.48    14.080 1
   9348.36    14.079 1
   9353.24    14.079 1
   9358.12    14.080 1
   9363.00    14.084 1
   9367.88    14.096 1
   9372.75    14.081 1
   9377.63    14.077 1
   9382.51    14.075 1
   9387.39    14.081 1
   9392.27    14.092 1
   9397.15    14.089 1
   9402.03    14.087 1
   9406.91    14.104 1
   9411.78    14.101 1
   9416.66    14.101 1
   9421.54    14.099 1
   9426.42    14.113 1
   9431.30    14.107 1
   9436.18    14.105 1
   9441.05    14.106 1
   9445.93    14.100 1
   9450.81    14.110 1
   9455.69    14.115 1
   9460.57    14.120 1
   9465.45    14.119 1
   9470.32    14.114 1
   9475.20    14.112 1
   9480.08    14.110 1
   9484.96    14.123 1
   9489.84    14.129 1
   9494.71    14.136 1
   9499.59    14.132 1
   9504.47    14.132 1
   9509.35    14.128 1
   9514.23    14.132 1
   9519.10    14.131 1
   9523.98    14.145 1
   9528.86    14.146 1
   9533.74    14.151 1
   9538.61    14.158 1
   9543.49    14.156 1
   9548.37    14.160 1
   9553.25    14.151 1
   9558.12    14.145 1
   9563.00    14.159 1
   9567.88    14.153 1
   9572.76    14.154 1
   9577.63    14.158 1
   9582.51    14.151 1
   9587.39    14.152 1
   9592.26    14.148 1
   9597.14    14.158 1
   9602.02    14.149 1
   9606.90    14.146 1
   9611.77    14.147 1
   9616.65    14.147 1
   9621.53    14.149 1
   9626.40    14.132 1
   9631.28    14.140 1
   9636.16    14.145 1
   9641.03    14.158 1
   9645.91    14.159 1
   9650.79    14.152 1
   9655.66    14.157 1
   9660.54    14.143 1
   9665.42    14.139 1
   9670.29    14.142 1
   9675.17    14.152 1
   9680.05    14.155 1
   9684.92    14.157 1
   9689.80    14.146 1
   9694.68    14.133 1
   9699.55    14.137 1
   9704.43    14.137 1
   9709.30    14.141 1
   9714.18    14.149 1
   9719.06    14.160 1
   9723.93    14.160 1
   9728.81    14.150 1
   9733.68    14.143 1
   9738.56    14.139 1
   9743.44    14.153 1
   9748.31    14.148 1
   9753.19    14.146 1
   9758.06    14.163 1
   9762.94    14.156 1
   9767.81    14.152 1
   9772.69    14.147 1
   9777.57    14.162 1
   9782.44    14.164 1
   9787.32    14.160 1
   9792.19    14.167 1
   9797.07    14.168 1
   9801.94    14.173 1
   9806.82    14.169 1
   9811.69    14.166 1
   9816.57    14.169 1
   9821.44    14.164 1
   9826.32    14.181 1
   9831.19    14.177 1
   9836.07    14.184 1
   9840.94    14.169 1
   9845.82    14.173 1
   9850.69    14.171 1
   9855.57    14.168 1
   9860.44    14.176 1
   9865.32    14.179 1
   9870.19    14.187 1
   9875.07    14.187 1
   9879.94    14.173 1
   9884.82    14.167 1
   9889.69    14.170 1
   9894.56    14.186 1
   9899.44    14.197 1
   9904.31    14.202 1
   9909.19    14.197 1
   9914.06    14.202 1
   9918.94    14.204 1
   9923.81    14.213 1
   9928.68    14.244 1
   9933.56    14.214 1
   9938.43    14.211 1
   9943.31    14.221 1
   9948.18    14.210 1
   9953.05    14.197 1
   9957.93    14.212 1
   9962.80    14.216 1
   9967.67    14.232 1
   9972.55    14.239 1
   9977.42    14.224 1
   9982.30    14.236 1
   9987.17    14.229 1
   9992.04    14.242 1
   9996.92    14.255 1
  10001.79    14.257 1
  10006.66    14.239 1
  10011.54    14.232 1
  10016.41    14.247 1
  10021.28    14.249 1
  10026.16    14.271 1
  10031.03    14.270 1
  10035.90    14.274 1
  10040.77    14.264 1
  10045.65    14.274 1
  10050.52    14.269 1
  10055.39    14.280 1
  10060.27    14.278 1
  10065.14    14.290 1
  10070.01    14.278 1
  10074.88    14.271 1
  10079.76    14.264 1
  10084.63    14.262 1
  10089.50    14.266 1
  10094.37    14.275 1
  10099.25    14.280 1
  10104.12    14.275 1
  10108.99    14.257 1
  10113.86    14.254 1
  10118.74    14.252 1
  10123.61    14.245 1
  10128.48    14.276 1
  10133.35    14.263 1
  10138.22    14.255 1
  10143.09    14.254 1
  10147.97    14.240 1
  10163.00    14.243 1
  10191.00    14.241 1
  10218.00    14.245 1
  10246.00    14.249 1
  10273.00    14.256 1
  10301.00    14.258 1
  10329.00    14.260 1
  10356.00    14.268 1
  10384.00    14.276 1
  10411.00    14.282 1
  10439.00    14.286 1
  10467.00    14.286 1
  10494.00    14.297 1
  10522.00    14.304 1
  10549.00    14.310 1
  10577.00    14.312 1
  10605.00    14.314 1
  10632.00    14.324 1
  10660.00    14.321 1
  10687.00    14.331 1
  10715.00    14.335 1
  10743.00    14.338 1
  10770.00    14.356 1
  10798.00    14.362 1
  10825.00    14.377 1
  10853.00    14.406 1
  10881.00    14.419 1
  10908.00    14.454 1
  10936.00    14.463 1
  10963.00    14.458 1
  10991.00    14.450 1
  11019.00    14.429 1
  11046.00    14.426 1
  11074.00    14.418 1
  11101.00    14.417 1
  11129.00    14.425 1
  11157.00    14.419 1
  11184.00    14.423 1
  11212.00    14.433 1
  11239.00    14.439 1
  11267.00    14.447 1
  11295.00    14.452 1
  11322.00    14.462 1
  11350.00    14.467 1
  11377.00    14.471 1
  11405.00    14.473 1
  11433.00    14.475 1
  11460.00    14.475 1
  11488.00    14.482 1
  11515.00    14.488 1
  11543.00    14.490 1
  11571.00    14.492 1
  11598.00    14.488 1
  11626.00    14.492 1
  11653.00    14.494 1
  11681.00    14.502 1
  11714.00    14.513 1
  11754.00    14.519 1
  11794.00    14.528 1
  11834.00    14.535 1
  11874.00    14.538 1
  11914.00    14.542 1
  11954.00    14.550 1
  11994.00    14.557 1
  12035.00    14.565 1
  12075.00    14.574 1
  12115.00    14.582 1
  12155.00    14.591 1
  12195.00    14.595 1
  12235.00    14.600 1
  12275.00    14.610 1
  12315.00    14.620 1
  12355.00    14.627 1
  12395.00    14.633 1
  12435.00    14.643 1
  12475.00    14.651 1
  12516.00    14.656 1
  12556.00    14.662 1
  12596.00    14.672 1
  12636.00    14.686 1
  12676.00    14.694 1
  12716.00    14.724 1
  12756.00    14.757 1
  12796.00    14.783 1
  12836.00    14.796 1
  12876.00    14.787 1
  12916.00    14.766 1
  12956.00    14.750 1
  12996.00    14.741 1
  13037.00    14.738 1
  13077.00    14.741 1
  13117.00    14.750 1
  13157.00    14.762 1
  13197.00    14.769 1
  13237.00    14.773 1
  13277.00    14.777 1
  13317.00    14.782 1
  13357.00    14.788 1
  13397.00    14.795 1
  13437.00    14.799 1
  13477.00    14.804 1
  13518.00    14.812 1
  13558.00    14.819 1
  13598.00    14.824 1
  13638.00    14.833 1
  13678.00    14.841 1
  13718.00    14.845 1
  13758.00    14.849 1
  13798.00    14.853 1
  13838.00    14.857 1
  13878.00    14.864 1
  13918.00    14.871 1
  13958.00    14.877 1
  13998.00    14.883 1
  14039.00    14.889 1
  14079.00    14.893 1
  14119.00    14.896 1
  14159.00    14.902 1
  14199.00    14.911 1
  14239.00    14.918 1
  14279.00    14.922 1
  14319.00    14.924 1
  14359.00    14.928 1
  14399.00    14.932 1
  14439.00    14.938 1
  14479.00    14.945 1
  14520.00    14.953 1
  14560.00    14.962 1
  14600.00    14.971 1
  14640.00    14.979 1
  14680.00    14.984 1
  14720.00    14.984 1
  14760.00    14.985 1
  14800.00    14.995 1
  14840.00    15.002 1
  14880.00    15.005 1
  14920.00    15.008 1
  14960.00    15.016 1
  15000.00    15.024 1
  15041.00    15.029 1
  15081.00    15.034 1
  15121.00    15.042 1
  15161.00    15.047 1
  15201.00    15.051 1
  15241.00    15.055 1
  15281.00    15.060 1
  15321.00    15.064 1
  15361.00    15.074 1
  15401.00    15.080 1
  15441.00    15.084 1
  15481.00    15.088 1
  15522.00    15.093 1
  15562.00    15.101 1
  15602.00    15.110 1
  15642.00    15.114 1
  15682.00    15.114 1
  15722.00    15.120 1
  15762.00    15.128 1
  15802.00    15.134 1
  15842.00    15.136 1
  15882.00    15.140 1
  15922.00    15.147 1
  15962.00    15.151 1
  16002.00    15.156 1
  16043.00    15.161 1
  16083.00    15.165 1
  16123.00    15.171 1
  16163.00    15.178 1
  16203.00    15.186 1
  16243.00    15.194 1
  16283.00    15.200 1
  16323.00    15.205 1
  16363.00    15.207 1
  16403.00    15.210 1
  16443.00    15.217 1
  16483.00    15.224 1
  16524.00    15.230 1
  16564.00    15.235 1
  16604.00    15.239 1
  16644.00    15.243 1
  16684.00    15.248 1
  16724.00    15.252 1
  16764.00    15.259 1
  16804.00    15.268 1
  16844.00    15.272 1
  16884.00    15.276 1
  16924.00    15.280 1
  16964.00    15.284 1
  17004.00    15.288 1
  17045.00    15.295 1
  17085.00    15.299 1
  17125.00    15.304 1
  17165.00    15.311 1
  17205.00    15.316 1
  17245.00    15.322 1
  17285.00    15.329 1
  17325.00    15.334 1
  17365.00    15.340 1
  17405.00    15.344 1
  17445.00    15.346 1
  17485.00    15.349 1
  17526.00    15.354 1
  17566.00    15.360 1
  17606.00    15.366 1
  17646.00    15.371 1
  17686.00    15.374 1
  17726.00    15.378 1
  17766.00    15.383 1
  17806.00    15.385 1
  17846.00    15.389 1
  17886.00    15.393 1
  17926.00    15.398 1
  17966.00    15.403 1
  18006.00    15.411 1
  18047.00    15.419 1
  18087.00    15.426 1
  18127.00    15.430 1
  18167.00    15.433 1
  18207.00    15.439 1
  18247.00    15.446 1
  18287.00    15.455 1
  18327.00    15.458 1
  18367.00    15.460 1
  18407.00    15.465 1
  18447.00    15.470 1
  18487.00    15.470 1
  18528.00    15.475 1
  18568.00    15.485 1
  18608.00    15.496 1
  18648.00    15.510 1
  18688.00    15.527 1
  18728.00    15.546 1
  18768.00    15.551 1
  18808.00    15.550 1
  18848.00    15.538 1
  18888.00    15.536 1
  18928.00    15.538 1
  18968.00    15.539 1
  19008.00    15.554 1
  19049.00    15.554 1
  19089.00    15.562 1
  19129.00    15.575 1
  19169.00    15.571 1
  19209.00    15.565 1
  19249.00    15.567 1
  19289.00    15.601 1
  19329.00    15.630 1
  19369.00    15.569 1
  19409.00    15.589 1
  19449.00    15.666 1
  19489.00    15.627 1
