3323.25
3345.49
3378.28
3440.80
3490.57
3647.84
3719.93
3777.16
3820.43
3859.91
3899.71
3925.81
4030.49
4325.77
4383.55
4404.75
4427.31
4708.86
4891.50
4920.15
4957.60
5006.13
5080.38
5116.50
5227.19
5269.54
5328.53
5341.09
5371.49
5400.56
5429.70
5446.92
5562.77
5764.42
5852.49
5881.90
5902.46
5944.83
5975.12
6030.00
6074.34
6096.16
6143.06
6163.59
6217.28
6266.50
6304.79
6334.43
6382.99
6402.25
6506.53
6532.88
6598.95
6678.28
6717.04
6929.47
7173.94
7245.17
7438.90
7488.87
7537.84
7941.58
8082.46
8136.41
8266.08
8300.33
8377.61
8418.43
8463.37
8495.36
8591.26
8634.70
8654.40
8680.71
8782.19
8858.82
8919.50
8988.58
9148.68
9201.76
9226.67
9486.68
9665.43

